0	0
0.2	0
0.4	0
0.6	0
0.8	0
1	0
1.2	0
1.4	0
1.6	0
1.8	0
2	0
2.2	0
2.4	0
2.6	0
2.8	0
3	0
3.2	0
3.4	0
3.6	0
3.8	0
4	0
4.2	0
4.4	0
4.6	0
4.8	0
5	0
5.2	0
5.4	0
5.6	0
5.8	0
6	0
6.2	0
6.4	0
6.6	0
6.8	0
7	0
7.2	0
7.4	0
7.6	0
7.8	0
8	0
8.2	0
8.4	0
8.6	0
8.8	0
9	0
9.2	0
9.4	0
9.6	0
9.8	0
10	0
10.2	0
10.4	0
10.6	0
10.8	0
11	0
11.2	0
11.4	0
11.6	0
11.8	0
0.1	0.173205080756888
0.3	0.173205080756888
0.5	0.173205080756888
0.7	0.173205080756888
0.9	0.173205080756888
1.1	0.173205080756888
1.3	0.173205080756888
1.5	0.173205080756888
1.7	0.173205080756888
1.9	0.173205080756888
2.1	0.173205080756888
2.3	0.173205080756888
2.5	0.173205080756888
2.7	0.173205080756888
2.9	0.173205080756888
3.1	0.173205080756888
3.3	0.173205080756888
3.5	0.173205080756888
3.7	0.173205080756888
3.9	0.173205080756888
4.1	0.173205080756888
4.3	0.173205080756888
4.5	0.173205080756888
4.7	0.173205080756888
4.9	0.173205080756888
5.1	0.173205080756888
5.3	0.173205080756888
5.5	0.173205080756888
5.7	0.173205080756888
5.9	0.173205080756888
6.1	0.173205080756888
6.3	0.173205080756888
6.5	0.173205080756888
6.7	0.173205080756888
6.9	0.173205080756888
7.1	0.173205080756888
7.3	0.173205080756888
7.5	0.173205080756888
7.7	0.173205080756888
7.9	0.173205080756888
8.1	0.173205080756888
8.3	0.173205080756888
8.5	0.173205080756888
8.7	0.173205080756888
8.9	0.173205080756888
9.1	0.173205080756888
9.3	0.173205080756888
9.5	0.173205080756888
9.7	0.173205080756888
9.9	0.173205080756888
10.1	0.173205080756888
10.3	0.173205080756888
10.5	0.173205080756888
10.7	0.173205080756888
10.9	0.173205080756888
11.1	0.173205080756888
11.3	0.173205080756888
11.5	0.173205080756888
11.7	0.173205080756888
11.9	0.173205080756888
0	0.346410161513775
0.2	0.346410161513775
0.4	0.346410161513775
0.6	0.346410161513775
0.8	0.346410161513775
1	0.346410161513775
1.2	0.346410161513775
1.4	0.346410161513775
1.6	0.346410161513775
1.8	0.346410161513775
2	0.346410161513775
2.2	0.346410161513775
2.4	0.346410161513775
2.6	0.346410161513775
2.8	0.346410161513775
3	0.346410161513775
3.2	0.346410161513775
3.4	0.346410161513775
3.6	0.346410161513775
3.8	0.346410161513775
4	0.346410161513775
4.2	0.346410161513775
4.4	0.346410161513775
4.6	0.346410161513775
4.8	0.346410161513775
5	0.346410161513775
5.2	0.346410161513775
5.4	0.346410161513775
5.6	0.346410161513775
5.8	0.346410161513775
6	0.346410161513775
6.2	0.346410161513775
6.4	0.346410161513775
6.6	0.346410161513775
6.8	0.346410161513775
7	0.346410161513775
7.2	0.346410161513775
7.4	0.346410161513775
7.6	0.346410161513775
7.8	0.346410161513775
8	0.346410161513775
8.2	0.346410161513775
8.4	0.346410161513775
8.6	0.346410161513775
8.8	0.346410161513775
9	0.346410161513775
9.2	0.346410161513775
9.4	0.346410161513775
9.6	0.346410161513775
9.8	0.346410161513775
10	0.346410161513775
10.2	0.346410161513775
10.4	0.346410161513775
10.6	0.346410161513775
10.8	0.346410161513775
11	0.346410161513775
11.2	0.346410161513775
11.4	0.346410161513775
11.6	0.346410161513775
11.8	0.346410161513775
0.1	0.519615242270663
0.3	0.519615242270663
0.5	0.519615242270663
0.7	0.519615242270663
0.9	0.519615242270663
1.1	0.519615242270663
1.3	0.519615242270663
1.5	0.519615242270663
1.7	0.519615242270663
1.9	0.519615242270663
2.1	0.519615242270663
2.3	0.519615242270663
2.5	0.519615242270663
2.7	0.519615242270663
2.9	0.519615242270663
3.1	0.519615242270663
3.3	0.519615242270663
3.5	0.519615242270663
3.7	0.519615242270663
3.9	0.519615242270663
4.1	0.519615242270663
4.3	0.519615242270663
4.5	0.519615242270663
4.7	0.519615242270663
4.9	0.519615242270663
5.1	0.519615242270663
5.3	0.519615242270663
5.5	0.519615242270663
5.7	0.519615242270663
5.9	0.519615242270663
6.1	0.519615242270663
6.3	0.519615242270663
6.5	0.519615242270663
6.7	0.519615242270663
6.9	0.519615242270663
7.1	0.519615242270663
7.3	0.519615242270663
7.5	0.519615242270663
7.7	0.519615242270663
7.9	0.519615242270663
8.1	0.519615242270663
8.3	0.519615242270663
8.5	0.519615242270663
8.7	0.519615242270663
8.9	0.519615242270663
9.1	0.519615242270663
9.3	0.519615242270663
9.5	0.519615242270663
9.7	0.519615242270663
9.9	0.519615242270663
10.1	0.519615242270663
10.3	0.519615242270663
10.5	0.519615242270663
10.7	0.519615242270663
10.9	0.519615242270663
11.1	0.519615242270663
11.3	0.519615242270663
11.5	0.519615242270663
11.7	0.519615242270663
11.9	0.519615242270663
0	0.692820323027551
0.2	0.692820323027551
0.4	0.692820323027551
0.6	0.692820323027551
0.8	0.692820323027551
1	0.692820323027551
1.2	0.692820323027551
1.4	0.692820323027551
1.6	0.692820323027551
1.8	0.692820323027551
2	0.692820323027551
2.2	0.692820323027551
2.4	0.692820323027551
2.6	0.692820323027551
2.8	0.692820323027551
3	0.692820323027551
3.2	0.692820323027551
3.4	0.692820323027551
3.6	0.692820323027551
3.8	0.692820323027551
4	0.692820323027551
4.2	0.692820323027551
4.4	0.692820323027551
4.6	0.692820323027551
4.8	0.692820323027551
5	0.692820323027551
5.2	0.692820323027551
5.4	0.692820323027551
5.6	0.692820323027551
5.8	0.692820323027551
6	0.692820323027551
6.2	0.692820323027551
6.4	0.692820323027551
6.6	0.692820323027551
6.8	0.692820323027551
7	0.692820323027551
7.2	0.692820323027551
7.4	0.692820323027551
7.6	0.692820323027551
7.8	0.692820323027551
8	0.692820323027551
8.2	0.692820323027551
8.4	0.692820323027551
8.6	0.692820323027551
8.8	0.692820323027551
9	0.692820323027551
9.2	0.692820323027551
9.4	0.692820323027551
9.6	0.692820323027551
9.8	0.692820323027551
10	0.692820323027551
10.2	0.692820323027551
10.4	0.692820323027551
10.6	0.692820323027551
10.8	0.692820323027551
11	0.692820323027551
11.2	0.692820323027551
11.4	0.692820323027551
11.6	0.692820323027551
11.8	0.692820323027551
0.1	0.866025403784439
0.3	0.866025403784439
0.5	0.866025403784439
0.7	0.866025403784439
0.9	0.866025403784439
1.1	0.866025403784439
1.3	0.866025403784439
1.5	0.866025403784439
1.7	0.866025403784439
1.9	0.866025403784439
2.1	0.866025403784439
2.3	0.866025403784439
2.5	0.866025403784439
2.7	0.866025403784439
2.9	0.866025403784439
3.1	0.866025403784439
3.3	0.866025403784439
3.5	0.866025403784439
3.7	0.866025403784439
3.9	0.866025403784439
4.1	0.866025403784439
4.3	0.866025403784439
4.5	0.866025403784439
4.7	0.866025403784439
4.9	0.866025403784439
5.1	0.866025403784439
5.3	0.866025403784439
5.5	0.866025403784439
5.7	0.866025403784439
5.9	0.866025403784439
6.1	0.866025403784439
6.3	0.866025403784439
6.5	0.866025403784439
6.7	0.866025403784439
6.9	0.866025403784439
7.1	0.866025403784439
7.3	0.866025403784439
7.5	0.866025403784439
7.7	0.866025403784439
7.9	0.866025403784439
8.1	0.866025403784439
8.3	0.866025403784439
8.5	0.866025403784439
8.7	0.866025403784439
8.9	0.866025403784439
9.1	0.866025403784439
9.3	0.866025403784439
9.5	0.866025403784439
9.7	0.866025403784439
9.9	0.866025403784439
10.1	0.866025403784439
10.3	0.866025403784439
10.5	0.866025403784439
10.7	0.866025403784439
10.9	0.866025403784439
11.1	0.866025403784439
11.3	0.866025403784439
11.5	0.866025403784439
11.7	0.866025403784439
11.9	0.866025403784439
0	1.03923048454133
0.2	1.03923048454133
0.4	1.03923048454133
0.6	1.03923048454133
0.8	1.03923048454133
1	1.03923048454133
1.2	1.03923048454133
1.4	1.03923048454133
1.6	1.03923048454133
1.8	1.03923048454133
2	1.03923048454133
2.2	1.03923048454133
2.4	1.03923048454133
2.6	1.03923048454133
2.8	1.03923048454133
3	1.03923048454133
3.2	1.03923048454133
3.4	1.03923048454133
3.6	1.03923048454133
3.8	1.03923048454133
4	1.03923048454133
4.2	1.03923048454133
4.4	1.03923048454133
4.6	1.03923048454133
4.8	1.03923048454133
5	1.03923048454133
5.2	1.03923048454133
5.4	1.03923048454133
5.6	1.03923048454133
5.8	1.03923048454133
6	1.03923048454133
6.2	1.03923048454133
6.4	1.03923048454133
6.6	1.03923048454133
6.8	1.03923048454133
7	1.03923048454133
7.2	1.03923048454133
7.4	1.03923048454133
7.6	1.03923048454133
7.8	1.03923048454133
8	1.03923048454133
8.2	1.03923048454133
8.4	1.03923048454133
8.6	1.03923048454133
8.8	1.03923048454133
9	1.03923048454133
9.2	1.03923048454133
9.4	1.03923048454133
9.6	1.03923048454133
9.8	1.03923048454133
10	1.03923048454133
10.2	1.03923048454133
10.4	1.03923048454133
10.6	1.03923048454133
10.8	1.03923048454133
11	1.03923048454133
11.2	1.03923048454133
11.4	1.03923048454133
11.6	1.03923048454133
11.8	1.03923048454133
0.1	1.21243556529821
0.3	1.21243556529821
0.5	1.21243556529821
0.7	1.21243556529821
0.9	1.21243556529821
1.1	1.21243556529821
1.3	1.21243556529821
1.5	1.21243556529821
1.7	1.21243556529821
1.9	1.21243556529821
2.1	1.21243556529821
2.3	1.21243556529821
2.5	1.21243556529821
2.7	1.21243556529821
2.9	1.21243556529821
3.1	1.21243556529821
3.3	1.21243556529821
3.5	1.21243556529821
3.7	1.21243556529821
3.9	1.21243556529821
4.1	1.21243556529821
4.3	1.21243556529821
4.5	1.21243556529821
4.7	1.21243556529821
4.9	1.21243556529821
5.1	1.21243556529821
5.3	1.21243556529821
5.5	1.21243556529821
5.7	1.21243556529821
5.9	1.21243556529821
6.1	1.21243556529821
6.3	1.21243556529821
6.5	1.21243556529821
6.7	1.21243556529821
6.9	1.21243556529821
7.1	1.21243556529821
7.3	1.21243556529821
7.5	1.21243556529821
7.7	1.21243556529821
7.9	1.21243556529821
8.1	1.21243556529821
8.3	1.21243556529821
8.5	1.21243556529821
8.7	1.21243556529821
8.9	1.21243556529821
9.1	1.21243556529821
9.3	1.21243556529821
9.5	1.21243556529821
9.7	1.21243556529821
9.9	1.21243556529821
10.1	1.21243556529821
10.3	1.21243556529821
10.5	1.21243556529821
10.7	1.21243556529821
10.9	1.21243556529821
11.1	1.21243556529821
11.3	1.21243556529821
11.5	1.21243556529821
11.7	1.21243556529821
11.9	1.21243556529821
0	1.3856406460551
0.2	1.3856406460551
0.4	1.3856406460551
0.6	1.3856406460551
0.8	1.3856406460551
1	1.3856406460551
1.2	1.3856406460551
1.4	1.3856406460551
1.6	1.3856406460551
1.8	1.3856406460551
2	1.3856406460551
2.2	1.3856406460551
2.4	1.3856406460551
2.6	1.3856406460551
2.8	1.3856406460551
3	1.3856406460551
3.2	1.3856406460551
3.4	1.3856406460551
3.6	1.3856406460551
3.8	1.3856406460551
4	1.3856406460551
4.2	1.3856406460551
4.4	1.3856406460551
4.6	1.3856406460551
4.8	1.3856406460551
5	1.3856406460551
5.2	1.3856406460551
5.4	1.3856406460551
5.6	1.3856406460551
5.8	1.3856406460551
6	1.3856406460551
6.2	1.3856406460551
6.4	1.3856406460551
6.6	1.3856406460551
6.8	1.3856406460551
7	1.3856406460551
7.2	1.3856406460551
7.4	1.3856406460551
7.6	1.3856406460551
7.8	1.3856406460551
8	1.3856406460551
8.2	1.3856406460551
8.4	1.3856406460551
8.6	1.3856406460551
8.8	1.3856406460551
9	1.3856406460551
9.2	1.3856406460551
9.4	1.3856406460551
9.6	1.3856406460551
9.8	1.3856406460551
10	1.3856406460551
10.2	1.3856406460551
10.4	1.3856406460551
10.6	1.3856406460551
10.8	1.3856406460551
11	1.3856406460551
11.2	1.3856406460551
11.4	1.3856406460551
11.6	1.3856406460551
11.8	1.3856406460551
0.1	1.55884572681199
0.3	1.55884572681199
0.5	1.55884572681199
0.7	1.55884572681199
0.9	1.55884572681199
1.1	1.55884572681199
1.3	1.55884572681199
1.5	1.55884572681199
1.7	1.55884572681199
1.9	1.55884572681199
2.1	1.55884572681199
2.3	1.55884572681199
2.5	1.55884572681199
2.7	1.55884572681199
2.9	1.55884572681199
3.1	1.55884572681199
3.3	1.55884572681199
3.5	1.55884572681199
3.7	1.55884572681199
3.9	1.55884572681199
4.1	1.55884572681199
4.3	1.55884572681199
4.5	1.55884572681199
4.7	1.55884572681199
4.9	1.55884572681199
5.1	1.55884572681199
5.3	1.55884572681199
5.5	1.55884572681199
5.7	1.55884572681199
5.9	1.55884572681199
6.1	1.55884572681199
6.3	1.55884572681199
6.5	1.55884572681199
6.7	1.55884572681199
6.9	1.55884572681199
7.1	1.55884572681199
7.3	1.55884572681199
7.5	1.55884572681199
7.7	1.55884572681199
7.9	1.55884572681199
8.1	1.55884572681199
8.3	1.55884572681199
8.5	1.55884572681199
8.7	1.55884572681199
8.9	1.55884572681199
9.1	1.55884572681199
9.3	1.55884572681199
9.5	1.55884572681199
9.7	1.55884572681199
9.9	1.55884572681199
10.1	1.55884572681199
10.3	1.55884572681199
10.5	1.55884572681199
10.7	1.55884572681199
10.9	1.55884572681199
11.1	1.55884572681199
11.3	1.55884572681199
11.5	1.55884572681199
11.7	1.55884572681199
11.9	1.55884572681199
0	1.73205080756888
0.2	1.73205080756888
0.4	1.73205080756888
0.6	1.73205080756888
0.8	1.73205080756888
1	1.73205080756888
1.2	1.73205080756888
1.4	1.73205080756888
1.6	1.73205080756888
1.8	1.73205080756888
2	1.73205080756888
2.2	1.73205080756888
2.4	1.73205080756888
2.6	1.73205080756888
2.8	1.73205080756888
3	1.73205080756888
3.2	1.73205080756888
3.4	1.73205080756888
3.6	1.73205080756888
3.8	1.73205080756888
4	1.73205080756888
4.2	1.73205080756888
4.4	1.73205080756888
4.6	1.73205080756888
4.8	1.73205080756888
5	1.73205080756888
5.2	1.73205080756888
5.4	1.73205080756888
5.6	1.73205080756888
5.8	1.73205080756888
6	1.73205080756888
6.2	1.73205080756888
6.4	1.73205080756888
6.6	1.73205080756888
6.8	1.73205080756888
7	1.73205080756888
7.2	1.73205080756888
7.4	1.73205080756888
7.6	1.73205080756888
7.8	1.73205080756888
8	1.73205080756888
8.2	1.73205080756888
8.4	1.73205080756888
8.6	1.73205080756888
8.8	1.73205080756888
9	1.73205080756888
9.2	1.73205080756888
9.4	1.73205080756888
9.6	1.73205080756888
9.8	1.73205080756888
10	1.73205080756888
10.2	1.73205080756888
10.4	1.73205080756888
10.6	1.73205080756888
10.8	1.73205080756888
11	1.73205080756888
11.2	1.73205080756888
11.4	1.73205080756888
11.6	1.73205080756888
11.8	1.73205080756888
0.1	1.90525588832577
0.3	1.90525588832577
0.5	1.90525588832577
0.7	1.90525588832577
0.9	1.90525588832577
1.1	1.90525588832577
1.3	1.90525588832577
1.5	1.90525588832577
1.7	1.90525588832577
1.9	1.90525588832577
2.1	1.90525588832577
2.3	1.90525588832577
2.5	1.90525588832577
2.7	1.90525588832577
2.9	1.90525588832577
3.1	1.90525588832577
3.3	1.90525588832577
3.5	1.90525588832577
3.7	1.90525588832577
3.9	1.90525588832577
4.1	1.90525588832577
4.3	1.90525588832577
4.5	1.90525588832577
4.7	1.90525588832577
4.9	1.90525588832577
5.1	1.90525588832577
5.3	1.90525588832577
5.5	1.90525588832577
5.7	1.90525588832577
5.9	1.90525588832577
6.1	1.90525588832577
6.3	1.90525588832577
6.5	1.90525588832577
6.7	1.90525588832577
6.9	1.90525588832577
7.1	1.90525588832577
7.3	1.90525588832577
7.5	1.90525588832577
7.7	1.90525588832577
7.9	1.90525588832577
8.1	1.90525588832577
8.3	1.90525588832577
8.5	1.90525588832577
8.7	1.90525588832577
8.9	1.90525588832577
9.1	1.90525588832577
9.3	1.90525588832577
9.5	1.90525588832577
9.7	1.90525588832577
9.9	1.90525588832577
10.1	1.90525588832577
10.3	1.90525588832577
10.5	1.90525588832577
10.7	1.90525588832577
10.9	1.90525588832577
11.1	1.90525588832577
11.3	1.90525588832577
11.5	1.90525588832577
11.7	1.90525588832577
11.9	1.90525588832577
0	2.07846096908265
0.2	2.07846096908265
0.4	2.07846096908265
0.6	2.07846096908265
0.8	2.07846096908265
1	2.07846096908265
1.2	2.07846096908265
1.4	2.07846096908265
1.6	2.07846096908265
1.8	2.07846096908265
2	2.07846096908265
2.2	2.07846096908265
2.4	2.07846096908265
2.6	2.07846096908265
2.8	2.07846096908265
3	2.07846096908265
3.2	2.07846096908265
3.4	2.07846096908265
3.6	2.07846096908265
3.8	2.07846096908265
4	2.07846096908265
4.2	2.07846096908265
4.4	2.07846096908265
4.6	2.07846096908265
4.8	2.07846096908265
5	2.07846096908265
5.2	2.07846096908265
5.4	2.07846096908265
5.6	2.07846096908265
5.8	2.07846096908265
6	2.07846096908265
6.2	2.07846096908265
6.4	2.07846096908265
6.6	2.07846096908265
6.8	2.07846096908265
7	2.07846096908265
7.2	2.07846096908265
7.4	2.07846096908265
7.6	2.07846096908265
7.8	2.07846096908265
8	2.07846096908265
8.2	2.07846096908265
8.4	2.07846096908265
8.6	2.07846096908265
8.8	2.07846096908265
9	2.07846096908265
9.2	2.07846096908265
9.4	2.07846096908265
9.6	2.07846096908265
9.8	2.07846096908265
10	2.07846096908265
10.2	2.07846096908265
10.4	2.07846096908265
10.6	2.07846096908265
10.8	2.07846096908265
11	2.07846096908265
11.2	2.07846096908265
11.4	2.07846096908265
11.6	2.07846096908265
11.8	2.07846096908265
0.1	2.25166604983954
0.3	2.25166604983954
0.5	2.25166604983954
0.7	2.25166604983954
0.9	2.25166604983954
1.1	2.25166604983954
1.3	2.25166604983954
1.5	2.25166604983954
1.7	2.25166604983954
1.9	2.25166604983954
2.1	2.25166604983954
2.3	2.25166604983954
2.5	2.25166604983954
2.7	2.25166604983954
2.9	2.25166604983954
3.1	2.25166604983954
3.3	2.25166604983954
3.5	2.25166604983954
3.7	2.25166604983954
3.9	2.25166604983954
4.1	2.25166604983954
4.3	2.25166604983954
4.5	2.25166604983954
4.7	2.25166604983954
4.9	2.25166604983954
5.1	2.25166604983954
5.3	2.25166604983954
5.5	2.25166604983954
5.7	2.25166604983954
5.9	2.25166604983954
6.1	2.25166604983954
6.3	2.25166604983954
6.5	2.25166604983954
6.7	2.25166604983954
6.9	2.25166604983954
7.1	2.25166604983954
7.3	2.25166604983954
7.5	2.25166604983954
7.7	2.25166604983954
7.9	2.25166604983954
8.1	2.25166604983954
8.3	2.25166604983954
8.5	2.25166604983954
8.7	2.25166604983954
8.9	2.25166604983954
9.1	2.25166604983954
9.3	2.25166604983954
9.5	2.25166604983954
9.7	2.25166604983954
9.9	2.25166604983954
10.1	2.25166604983954
10.3	2.25166604983954
10.5	2.25166604983954
10.7	2.25166604983954
10.9	2.25166604983954
11.1	2.25166604983954
11.3	2.25166604983954
11.5	2.25166604983954
11.7	2.25166604983954
11.9	2.25166604983954
0	2.42487113059643
0.2	2.42487113059643
0.4	2.42487113059643
0.6	2.42487113059643
0.8	2.42487113059643
1	2.42487113059643
1.2	2.42487113059643
1.4	2.42487113059643
1.6	2.42487113059643
1.8	2.42487113059643
2	2.42487113059643
2.2	2.42487113059643
2.4	2.42487113059643
2.6	2.42487113059643
2.8	2.42487113059643
3	2.42487113059643
3.2	2.42487113059643
3.4	2.42487113059643
3.6	2.42487113059643
3.8	2.42487113059643
4	2.42487113059643
4.2	2.42487113059643
4.4	2.42487113059643
4.6	2.42487113059643
4.8	2.42487113059643
5	2.42487113059643
5.2	2.42487113059643
5.4	2.42487113059643
5.6	2.42487113059643
5.8	2.42487113059643
6	2.42487113059643
6.2	2.42487113059643
6.4	2.42487113059643
6.6	2.42487113059643
6.8	2.42487113059643
7	2.42487113059643
7.2	2.42487113059643
7.4	2.42487113059643
7.6	2.42487113059643
7.8	2.42487113059643
8	2.42487113059643
8.2	2.42487113059643
8.4	2.42487113059643
8.6	2.42487113059643
8.8	2.42487113059643
9	2.42487113059643
9.2	2.42487113059643
9.4	2.42487113059643
9.6	2.42487113059643
9.8	2.42487113059643
10	2.42487113059643
10.2	2.42487113059643
10.4	2.42487113059643
10.6	2.42487113059643
10.8	2.42487113059643
11	2.42487113059643
11.2	2.42487113059643
11.4	2.42487113059643
11.6	2.42487113059643
11.8	2.42487113059643
0.1	2.59807621135332
0.3	2.59807621135332
0.5	2.59807621135332
0.7	2.59807621135332
0.9	2.59807621135332
1.1	2.59807621135332
1.3	2.59807621135332
1.5	2.59807621135332
1.7	2.59807621135332
1.9	2.59807621135332
2.1	2.59807621135332
2.3	2.59807621135332
2.5	2.59807621135332
2.7	2.59807621135332
2.9	2.59807621135332
3.1	2.59807621135332
3.3	2.59807621135332
3.5	2.59807621135332
3.7	2.59807621135332
3.9	2.59807621135332
4.1	2.59807621135332
4.3	2.59807621135332
4.5	2.59807621135332
4.7	2.59807621135332
4.9	2.59807621135332
5.1	2.59807621135332
5.3	2.59807621135332
5.5	2.59807621135332
5.7	2.59807621135332
5.9	2.59807621135332
6.1	2.59807621135332
6.3	2.59807621135332
6.5	2.59807621135332
6.7	2.59807621135332
6.9	2.59807621135332
7.1	2.59807621135332
7.3	2.59807621135332
7.5	2.59807621135332
7.7	2.59807621135332
7.9	2.59807621135332
8.1	2.59807621135332
8.3	2.59807621135332
8.5	2.59807621135332
8.7	2.59807621135332
8.9	2.59807621135332
9.1	2.59807621135332
9.3	2.59807621135332
9.5	2.59807621135332
9.7	2.59807621135332
9.9	2.59807621135332
10.1	2.59807621135332
10.3	2.59807621135332
10.5	2.59807621135332
10.7	2.59807621135332
10.9	2.59807621135332
11.1	2.59807621135332
11.3	2.59807621135332
11.5	2.59807621135332
11.7	2.59807621135332
11.9	2.59807621135332
0	2.7712812921102
0.2	2.7712812921102
0.4	2.7712812921102
0.6	2.7712812921102
0.8	2.7712812921102
1	2.7712812921102
1.2	2.7712812921102
1.4	2.7712812921102
1.6	2.7712812921102
1.8	2.7712812921102
2	2.7712812921102
2.2	2.7712812921102
2.4	2.7712812921102
2.6	2.7712812921102
2.8	2.7712812921102
3	2.7712812921102
3.2	2.7712812921102
3.4	2.7712812921102
3.6	2.7712812921102
3.8	2.7712812921102
4	2.7712812921102
4.2	2.7712812921102
4.4	2.7712812921102
4.6	2.7712812921102
4.8	2.7712812921102
5	2.7712812921102
5.2	2.7712812921102
5.4	2.7712812921102
5.6	2.7712812921102
5.8	2.7712812921102
6	2.7712812921102
6.2	2.7712812921102
6.4	2.7712812921102
6.6	2.7712812921102
6.8	2.7712812921102
7	2.7712812921102
7.2	2.7712812921102
7.4	2.7712812921102
7.6	2.7712812921102
7.8	2.7712812921102
8	2.7712812921102
8.2	2.7712812921102
8.4	2.7712812921102
8.6	2.7712812921102
8.8	2.7712812921102
9	2.7712812921102
9.2	2.7712812921102
9.4	2.7712812921102
9.6	2.7712812921102
9.8	2.7712812921102
10	2.7712812921102
10.2	2.7712812921102
10.4	2.7712812921102
10.6	2.7712812921102
10.8	2.7712812921102
11	2.7712812921102
11.2	2.7712812921102
11.4	2.7712812921102
11.6	2.7712812921102
11.8	2.7712812921102
0.1	2.94448637286709
0.3	2.94448637286709
0.5	2.94448637286709
0.7	2.94448637286709
0.9	2.94448637286709
1.1	2.94448637286709
1.3	2.94448637286709
1.5	2.94448637286709
1.7	2.94448637286709
1.9	2.94448637286709
2.1	2.94448637286709
2.3	2.94448637286709
2.5	2.94448637286709
2.7	2.94448637286709
2.9	2.94448637286709
3.1	2.94448637286709
3.3	2.94448637286709
3.5	2.94448637286709
3.7	2.94448637286709
3.9	2.94448637286709
4.1	2.94448637286709
4.3	2.94448637286709
4.5	2.94448637286709
4.7	2.94448637286709
4.9	2.94448637286709
5.1	2.94448637286709
5.3	2.94448637286709
5.5	2.94448637286709
5.7	2.94448637286709
5.9	2.94448637286709
6.1	2.94448637286709
6.3	2.94448637286709
6.5	2.94448637286709
6.7	2.94448637286709
6.9	2.94448637286709
7.1	2.94448637286709
7.3	2.94448637286709
7.5	2.94448637286709
7.7	2.94448637286709
7.9	2.94448637286709
8.1	2.94448637286709
8.3	2.94448637286709
8.5	2.94448637286709
8.7	2.94448637286709
8.9	2.94448637286709
9.1	2.94448637286709
9.3	2.94448637286709
9.5	2.94448637286709
9.7	2.94448637286709
9.9	2.94448637286709
10.1	2.94448637286709
10.3	2.94448637286709
10.5	2.94448637286709
10.7	2.94448637286709
10.9	2.94448637286709
11.1	2.94448637286709
11.3	2.94448637286709
11.5	2.94448637286709
11.7	2.94448637286709
11.9	2.94448637286709
0	3.11769145362398
0.2	3.11769145362398
0.4	3.11769145362398
0.6	3.11769145362398
0.8	3.11769145362398
1	3.11769145362398
1.2	3.11769145362398
1.4	3.11769145362398
1.6	3.11769145362398
1.8	3.11769145362398
2	3.11769145362398
2.2	3.11769145362398
2.4	3.11769145362398
2.6	3.11769145362398
2.8	3.11769145362398
3	3.11769145362398
3.2	3.11769145362398
3.4	3.11769145362398
3.6	3.11769145362398
3.8	3.11769145362398
4	3.11769145362398
4.2	3.11769145362398
4.4	3.11769145362398
4.6	3.11769145362398
4.8	3.11769145362398
5	3.11769145362398
5.2	3.11769145362398
5.4	3.11769145362398
5.6	3.11769145362398
5.8	3.11769145362398
6	3.11769145362398
6.2	3.11769145362398
6.4	3.11769145362398
6.6	3.11769145362398
6.8	3.11769145362398
7	3.11769145362398
7.2	3.11769145362398
7.4	3.11769145362398
7.6	3.11769145362398
7.8	3.11769145362398
8	3.11769145362398
8.2	3.11769145362398
8.4	3.11769145362398
8.6	3.11769145362398
8.8	3.11769145362398
9	3.11769145362398
9.2	3.11769145362398
9.4	3.11769145362398
9.6	3.11769145362398
9.8	3.11769145362398
10	3.11769145362398
10.2	3.11769145362398
10.4	3.11769145362398
10.6	3.11769145362398
10.8	3.11769145362398
11	3.11769145362398
11.2	3.11769145362398
11.4	3.11769145362398
11.6	3.11769145362398
11.8	3.11769145362398
0.1	3.29089653438087
0.3	3.29089653438087
0.5	3.29089653438087
0.7	3.29089653438087
0.9	3.29089653438087
1.1	3.29089653438087
1.3	3.29089653438087
1.5	3.29089653438087
1.7	3.29089653438087
1.9	3.29089653438087
2.1	3.29089653438087
2.3	3.29089653438087
2.5	3.29089653438087
2.7	3.29089653438087
2.9	3.29089653438087
3.1	3.29089653438087
3.3	3.29089653438087
3.5	3.29089653438087
3.7	3.29089653438087
3.9	3.29089653438087
4.1	3.29089653438087
4.3	3.29089653438087
4.5	3.29089653438087
4.7	3.29089653438087
4.9	3.29089653438087
5.1	3.29089653438087
5.3	3.29089653438087
5.5	3.29089653438087
5.7	3.29089653438087
5.9	3.29089653438087
6.1	3.29089653438087
6.3	3.29089653438087
6.5	3.29089653438087
6.7	3.29089653438087
6.9	3.29089653438087
7.1	3.29089653438087
7.3	3.29089653438087
7.5	3.29089653438087
7.7	3.29089653438087
7.9	3.29089653438087
8.1	3.29089653438087
8.3	3.29089653438087
8.5	3.29089653438087
8.7	3.29089653438087
8.9	3.29089653438087
9.1	3.29089653438087
9.3	3.29089653438087
9.5	3.29089653438087
9.7	3.29089653438087
9.9	3.29089653438087
10.1	3.29089653438087
10.3	3.29089653438087
10.5	3.29089653438087
10.7	3.29089653438087
10.9	3.29089653438087
11.1	3.29089653438087
11.3	3.29089653438087
11.5	3.29089653438087
11.7	3.29089653438087
11.9	3.29089653438087
0	3.46410161513775
0.2	3.46410161513775
0.4	3.46410161513775
0.6	3.46410161513775
0.8	3.46410161513775
1	3.46410161513775
1.2	3.46410161513775
1.4	3.46410161513775
1.6	3.46410161513775
1.8	3.46410161513775
2	3.46410161513775
2.2	3.46410161513775
2.4	3.46410161513775
2.6	3.46410161513775
2.8	3.46410161513775
3	3.46410161513775
3.2	3.46410161513775
3.4	3.46410161513775
3.6	3.46410161513775
3.8	3.46410161513775
4	3.46410161513775
4.2	3.46410161513775
4.4	3.46410161513775
4.6	3.46410161513775
4.8	3.46410161513775
5	3.46410161513775
5.2	3.46410161513775
5.4	3.46410161513775
5.6	3.46410161513775
5.8	3.46410161513775
6	3.46410161513775
6.2	3.46410161513775
6.4	3.46410161513775
6.6	3.46410161513775
6.8	3.46410161513775
7	3.46410161513775
7.2	3.46410161513775
7.4	3.46410161513775
7.6	3.46410161513775
7.8	3.46410161513775
8	3.46410161513775
8.2	3.46410161513775
8.4	3.46410161513775
8.6	3.46410161513775
8.8	3.46410161513775
9	3.46410161513775
9.2	3.46410161513775
9.4	3.46410161513775
9.6	3.46410161513775
9.8	3.46410161513775
10	3.46410161513775
10.2	3.46410161513775
10.4	3.46410161513775
10.6	3.46410161513775
10.8	3.46410161513775
11	3.46410161513775
11.2	3.46410161513775
11.4	3.46410161513775
11.6	3.46410161513775
11.8	3.46410161513775
0.1	3.63730669589464
0.3	3.63730669589464
0.5	3.63730669589464
0.7	3.63730669589464
0.9	3.63730669589464
1.1	3.63730669589464
1.3	3.63730669589464
1.5	3.63730669589464
1.7	3.63730669589464
1.9	3.63730669589464
2.1	3.63730669589464
2.3	3.63730669589464
2.5	3.63730669589464
2.7	3.63730669589464
2.9	3.63730669589464
3.1	3.63730669589464
3.3	3.63730669589464
3.5	3.63730669589464
3.7	3.63730669589464
3.9	3.63730669589464
4.1	3.63730669589464
4.3	3.63730669589464
4.5	3.63730669589464
4.7	3.63730669589464
4.9	3.63730669589464
5.1	3.63730669589464
5.3	3.63730669589464
5.5	3.63730669589464
5.7	3.63730669589464
5.9	3.63730669589464
6.1	3.63730669589464
6.3	3.63730669589464
6.5	3.63730669589464
6.7	3.63730669589464
6.9	3.63730669589464
7.1	3.63730669589464
7.3	3.63730669589464
7.5	3.63730669589464
7.7	3.63730669589464
7.9	3.63730669589464
8.1	3.63730669589464
8.3	3.63730669589464
8.5	3.63730669589464
8.7	3.63730669589464
8.9	3.63730669589464
9.1	3.63730669589464
9.3	3.63730669589464
9.5	3.63730669589464
9.7	3.63730669589464
9.9	3.63730669589464
10.1	3.63730669589464
10.3	3.63730669589464
10.5	3.63730669589464
10.7	3.63730669589464
10.9	3.63730669589464
11.1	3.63730669589464
11.3	3.63730669589464
11.5	3.63730669589464
11.7	3.63730669589464
11.9	3.63730669589464
0	3.81051177665153
0.2	3.81051177665153
0.4	3.81051177665153
0.6	3.81051177665153
0.8	3.81051177665153
1	3.81051177665153
1.2	3.81051177665153
1.4	3.81051177665153
1.6	3.81051177665153
1.8	3.81051177665153
2	3.81051177665153
2.2	3.81051177665153
2.4	3.81051177665153
2.6	3.81051177665153
2.8	3.81051177665153
3	3.81051177665153
3.2	3.81051177665153
3.4	3.81051177665153
3.6	3.81051177665153
3.8	3.81051177665153
4	3.81051177665153
4.2	3.81051177665153
4.4	3.81051177665153
4.6	3.81051177665153
4.8	3.81051177665153
5	3.81051177665153
5.2	3.81051177665153
5.4	3.81051177665153
5.6	3.81051177665153
5.8	3.81051177665153
6	3.81051177665153
6.2	3.81051177665153
6.4	3.81051177665153
6.6	3.81051177665153
6.8	3.81051177665153
7	3.81051177665153
7.2	3.81051177665153
7.4	3.81051177665153
7.6	3.81051177665153
7.8	3.81051177665153
8	3.81051177665153
8.2	3.81051177665153
8.4	3.81051177665153
8.6	3.81051177665153
8.8	3.81051177665153
9	3.81051177665153
9.2	3.81051177665153
9.4	3.81051177665153
9.6	3.81051177665153
9.8	3.81051177665153
10	3.81051177665153
10.2	3.81051177665153
10.4	3.81051177665153
10.6	3.81051177665153
10.8	3.81051177665153
11	3.81051177665153
11.2	3.81051177665153
11.4	3.81051177665153
11.6	3.81051177665153
11.8	3.81051177665153
0.1	3.98371685740842
0.3	3.98371685740842
0.5	3.98371685740842
0.7	3.98371685740842
0.9	3.98371685740842
1.1	3.98371685740842
1.3	3.98371685740842
1.5	3.98371685740842
1.7	3.98371685740842
1.9	3.98371685740842
2.1	3.98371685740842
2.3	3.98371685740842
2.5	3.98371685740842
2.7	3.98371685740842
2.9	3.98371685740842
3.1	3.98371685740842
3.3	3.98371685740842
3.5	3.98371685740842
3.7	3.98371685740842
3.9	3.98371685740842
4.1	3.98371685740842
4.3	3.98371685740842
4.5	3.98371685740842
4.7	3.98371685740842
4.9	3.98371685740842
5.1	3.98371685740842
5.3	3.98371685740842
5.5	3.98371685740842
5.7	3.98371685740842
5.9	3.98371685740842
6.1	3.98371685740842
6.3	3.98371685740842
6.5	3.98371685740842
6.7	3.98371685740842
6.9	3.98371685740842
7.1	3.98371685740842
7.3	3.98371685740842
7.5	3.98371685740842
7.7	3.98371685740842
7.9	3.98371685740842
8.1	3.98371685740842
8.3	3.98371685740842
8.5	3.98371685740842
8.7	3.98371685740842
8.9	3.98371685740842
9.1	3.98371685740842
9.3	3.98371685740842
9.5	3.98371685740842
9.7	3.98371685740842
9.9	3.98371685740842
10.1	3.98371685740842
10.3	3.98371685740842
10.5	3.98371685740842
10.7	3.98371685740842
10.9	3.98371685740842
11.1	3.98371685740842
11.3	3.98371685740842
11.5	3.98371685740842
11.7	3.98371685740842
11.9	3.98371685740842
0	4.15692193816531
0.2	4.15692193816531
0.4	4.15692193816531
0.6	4.15692193816531
0.8	4.15692193816531
1	4.15692193816531
1.2	4.15692193816531
1.4	4.15692193816531
1.6	4.15692193816531
1.8	4.15692193816531
2	4.15692193816531
2.2	4.15692193816531
2.4	4.15692193816531
2.6	4.15692193816531
2.8	4.15692193816531
3	4.15692193816531
3.2	4.15692193816531
3.4	4.15692193816531
3.6	4.15692193816531
3.8	4.15692193816531
4	4.15692193816531
4.2	4.15692193816531
4.4	4.15692193816531
4.6	4.15692193816531
4.8	4.15692193816531
5	4.15692193816531
5.2	4.15692193816531
5.4	4.15692193816531
5.6	4.15692193816531
5.8	4.15692193816531
6	4.15692193816531
6.2	4.15692193816531
6.4	4.15692193816531
6.6	4.15692193816531
6.8	4.15692193816531
7	4.15692193816531
7.2	4.15692193816531
7.4	4.15692193816531
7.6	4.15692193816531
7.8	4.15692193816531
8	4.15692193816531
8.2	4.15692193816531
8.4	4.15692193816531
8.6	4.15692193816531
8.8	4.15692193816531
9	4.15692193816531
9.2	4.15692193816531
9.4	4.15692193816531
9.6	4.15692193816531
9.8	4.15692193816531
10	4.15692193816531
10.2	4.15692193816531
10.4	4.15692193816531
10.6	4.15692193816531
10.8	4.15692193816531
11	4.15692193816531
11.2	4.15692193816531
11.4	4.15692193816531
11.6	4.15692193816531
11.8	4.15692193816531
0.1	4.33012701892219
0.3	4.33012701892219
0.5	4.33012701892219
0.7	4.33012701892219
0.9	4.33012701892219
1.1	4.33012701892219
1.3	4.33012701892219
1.5	4.33012701892219
1.7	4.33012701892219
1.9	4.33012701892219
2.1	4.33012701892219
2.3	4.33012701892219
2.5	4.33012701892219
2.7	4.33012701892219
2.9	4.33012701892219
3.1	4.33012701892219
3.3	4.33012701892219
3.5	4.33012701892219
3.7	4.33012701892219
3.9	4.33012701892219
4.1	4.33012701892219
4.3	4.33012701892219
4.5	4.33012701892219
4.7	4.33012701892219
4.9	4.33012701892219
5.1	4.33012701892219
5.3	4.33012701892219
5.5	4.33012701892219
5.7	4.33012701892219
5.9	4.33012701892219
6.1	4.33012701892219
6.3	4.33012701892219
6.5	4.33012701892219
6.7	4.33012701892219
6.9	4.33012701892219
7.1	4.33012701892219
7.3	4.33012701892219
7.5	4.33012701892219
7.7	4.33012701892219
7.9	4.33012701892219
8.1	4.33012701892219
8.3	4.33012701892219
8.5	4.33012701892219
8.7	4.33012701892219
8.9	4.33012701892219
9.1	4.33012701892219
9.3	4.33012701892219
9.5	4.33012701892219
9.7	4.33012701892219
9.9	4.33012701892219
10.1	4.33012701892219
10.3	4.33012701892219
10.5	4.33012701892219
10.7	4.33012701892219
10.9	4.33012701892219
11.1	4.33012701892219
11.3	4.33012701892219
11.5	4.33012701892219
11.7	4.33012701892219
11.9	4.33012701892219
0	4.50333209967908
0.2	4.50333209967908
0.4	4.50333209967908
0.6	4.50333209967908
0.8	4.50333209967908
1	4.50333209967908
1.2	4.50333209967908
1.4	4.50333209967908
1.6	4.50333209967908
1.8	4.50333209967908
2	4.50333209967908
2.2	4.50333209967908
2.4	4.50333209967908
2.6	4.50333209967908
2.8	4.50333209967908
3	4.50333209967908
3.2	4.50333209967908
3.4	4.50333209967908
3.6	4.50333209967908
3.8	4.50333209967908
4	4.50333209967908
4.2	4.50333209967908
4.4	4.50333209967908
4.6	4.50333209967908
4.8	4.50333209967908
5	4.50333209967908
5.2	4.50333209967908
5.4	4.50333209967908
5.6	4.50333209967908
5.8	4.50333209967908
6	4.50333209967908
6.2	4.50333209967908
6.4	4.50333209967908
6.6	4.50333209967908
6.8	4.50333209967908
7	4.50333209967908
7.2	4.50333209967908
7.4	4.50333209967908
7.6	4.50333209967908
7.8	4.50333209967908
8	4.50333209967908
8.2	4.50333209967908
8.4	4.50333209967908
8.6	4.50333209967908
8.8	4.50333209967908
9	4.50333209967908
9.2	4.50333209967908
9.4	4.50333209967908
9.6	4.50333209967908
9.8	4.50333209967908
10	4.50333209967908
10.2	4.50333209967908
10.4	4.50333209967908
10.6	4.50333209967908
10.8	4.50333209967908
11	4.50333209967908
11.2	4.50333209967908
11.4	4.50333209967908
11.6	4.50333209967908
11.8	4.50333209967908
0.1	4.67653718043597
0.3	4.67653718043597
0.5	4.67653718043597
0.7	4.67653718043597
0.9	4.67653718043597
1.1	4.67653718043597
1.3	4.67653718043597
1.5	4.67653718043597
1.7	4.67653718043597
1.9	4.67653718043597
2.1	4.67653718043597
2.3	4.67653718043597
2.5	4.67653718043597
2.7	4.67653718043597
2.9	4.67653718043597
3.1	4.67653718043597
3.3	4.67653718043597
3.5	4.67653718043597
3.7	4.67653718043597
3.9	4.67653718043597
4.1	4.67653718043597
4.3	4.67653718043597
4.5	4.67653718043597
4.7	4.67653718043597
4.9	4.67653718043597
5.1	4.67653718043597
5.3	4.67653718043597
5.5	4.67653718043597
5.7	4.67653718043597
5.9	4.67653718043597
6.1	4.67653718043597
6.3	4.67653718043597
6.5	4.67653718043597
6.7	4.67653718043597
6.9	4.67653718043597
7.1	4.67653718043597
7.3	4.67653718043597
7.5	4.67653718043597
7.7	4.67653718043597
7.9	4.67653718043597
8.1	4.67653718043597
8.3	4.67653718043597
8.5	4.67653718043597
8.7	4.67653718043597
8.9	4.67653718043597
9.1	4.67653718043597
9.3	4.67653718043597
9.5	4.67653718043597
9.7	4.67653718043597
9.9	4.67653718043597
10.1	4.67653718043597
10.3	4.67653718043597
10.5	4.67653718043597
10.7	4.67653718043597
10.9	4.67653718043597
11.1	4.67653718043597
11.3	4.67653718043597
11.5	4.67653718043597
11.7	4.67653718043597
11.9	4.67653718043597
0	4.84974226119286
0.2	4.84974226119286
0.4	4.84974226119286
0.6	4.84974226119286
0.8	4.84974226119286
1	4.84974226119286
1.2	4.84974226119286
1.4	4.84974226119286
1.6	4.84974226119286
1.8	4.84974226119286
2	4.84974226119286
2.2	4.84974226119286
2.4	4.84974226119286
2.6	4.84974226119286
2.8	4.84974226119286
3	4.84974226119286
3.2	4.84974226119286
3.4	4.84974226119286
3.6	4.84974226119286
3.8	4.84974226119286
4	4.84974226119286
4.2	4.84974226119286
4.4	4.84974226119286
4.6	4.84974226119286
4.8	4.84974226119286
5	4.84974226119286
5.2	4.84974226119286
5.4	4.84974226119286
5.6	4.84974226119286
5.8	4.84974226119286
6	4.84974226119286
6.2	4.84974226119286
6.4	4.84974226119286
6.6	4.84974226119286
6.8	4.84974226119286
7	4.84974226119286
7.2	4.84974226119286
7.4	4.84974226119286
7.6	4.84974226119286
7.8	4.84974226119286
8	4.84974226119286
8.2	4.84974226119286
8.4	4.84974226119286
8.6	4.84974226119286
8.8	4.84974226119286
9	4.84974226119286
9.2	4.84974226119286
9.4	4.84974226119286
9.6	4.84974226119286
9.8	4.84974226119286
10	4.84974226119286
10.2	4.84974226119286
10.4	4.84974226119286
10.6	4.84974226119286
10.8	4.84974226119286
11	4.84974226119286
11.2	4.84974226119286
11.4	4.84974226119286
11.6	4.84974226119286
11.8	4.84974226119286
0.1	5.02294734194974
0.3	5.02294734194974
0.5	5.02294734194974
0.7	5.02294734194974
0.9	5.02294734194974
1.1	5.02294734194974
1.3	5.02294734194974
1.5	5.02294734194974
1.7	5.02294734194974
1.9	5.02294734194974
2.1	5.02294734194974
2.3	5.02294734194974
2.5	5.02294734194974
2.7	5.02294734194974
2.9	5.02294734194974
3.1	5.02294734194974
3.3	5.02294734194974
3.5	5.02294734194974
3.7	5.02294734194974
3.9	5.02294734194974
4.1	5.02294734194974
4.3	5.02294734194974
4.5	5.02294734194974
4.7	5.02294734194974
4.9	5.02294734194974
5.1	5.02294734194974
5.3	5.02294734194974
5.5	5.02294734194974
5.7	5.02294734194974
5.9	5.02294734194974
6.1	5.02294734194974
6.3	5.02294734194974
6.5	5.02294734194974
6.7	5.02294734194974
6.9	5.02294734194974
7.1	5.02294734194974
7.3	5.02294734194974
7.5	5.02294734194974
7.7	5.02294734194974
7.9	5.02294734194974
8.1	5.02294734194974
8.3	5.02294734194974
8.5	5.02294734194974
8.7	5.02294734194974
8.9	5.02294734194974
9.1	5.02294734194974
9.3	5.02294734194974
9.5	5.02294734194974
9.7	5.02294734194974
9.9	5.02294734194974
10.1	5.02294734194974
10.3	5.02294734194974
10.5	5.02294734194974
10.7	5.02294734194974
10.9	5.02294734194974
11.1	5.02294734194974
11.3	5.02294734194974
11.5	5.02294734194974
11.7	5.02294734194974
11.9	5.02294734194974
0	5.19615242270663
0.2	5.19615242270663
0.4	5.19615242270663
0.6	5.19615242270663
0.8	5.19615242270663
1	5.19615242270663
1.2	5.19615242270663
1.4	5.19615242270663
1.6	5.19615242270663
1.8	5.19615242270663
2	5.19615242270663
2.2	5.19615242270663
2.4	5.19615242270663
2.6	5.19615242270663
2.8	5.19615242270663
3	5.19615242270663
3.2	5.19615242270663
3.4	5.19615242270663
3.6	5.19615242270663
3.8	5.19615242270663
4	5.19615242270663
4.2	5.19615242270663
4.4	5.19615242270663
4.6	5.19615242270663
4.8	5.19615242270663
5	5.19615242270663
5.2	5.19615242270663
5.4	5.19615242270663
5.6	5.19615242270663
5.8	5.19615242270663
6	5.19615242270663
6.2	5.19615242270663
6.4	5.19615242270663
6.6	5.19615242270663
6.8	5.19615242270663
7	5.19615242270663
7.2	5.19615242270663
7.4	5.19615242270663
7.6	5.19615242270663
7.8	5.19615242270663
8	5.19615242270663
8.2	5.19615242270663
8.4	5.19615242270663
8.6	5.19615242270663
8.8	5.19615242270663
9	5.19615242270663
9.2	5.19615242270663
9.4	5.19615242270663
9.6	5.19615242270663
9.8	5.19615242270663
10	5.19615242270663
10.2	5.19615242270663
10.4	5.19615242270663
10.6	5.19615242270663
10.8	5.19615242270663
11	5.19615242270663
11.2	5.19615242270663
11.4	5.19615242270663
11.6	5.19615242270663
11.8	5.19615242270663
0.1	5.36935750346352
0.3	5.36935750346352
0.5	5.36935750346352
0.7	5.36935750346352
0.9	5.36935750346352
1.1	5.36935750346352
1.3	5.36935750346352
1.5	5.36935750346352
1.7	5.36935750346352
1.9	5.36935750346352
2.1	5.36935750346352
2.3	5.36935750346352
2.5	5.36935750346352
2.7	5.36935750346352
2.9	5.36935750346352
3.1	5.36935750346352
3.3	5.36935750346352
3.5	5.36935750346352
3.7	5.36935750346352
3.9	5.36935750346352
4.1	5.36935750346352
4.3	5.36935750346352
4.5	5.36935750346352
4.7	5.36935750346352
4.9	5.36935750346352
5.1	5.36935750346352
5.3	5.36935750346352
5.5	5.36935750346352
5.7	5.36935750346352
5.9	5.36935750346352
6.1	5.36935750346352
6.3	5.36935750346352
6.5	5.36935750346352
6.7	5.36935750346352
6.9	5.36935750346352
7.1	5.36935750346352
7.3	5.36935750346352
7.5	5.36935750346352
7.7	5.36935750346352
7.9	5.36935750346352
8.1	5.36935750346352
8.3	5.36935750346352
8.5	5.36935750346352
8.7	5.36935750346352
8.9	5.36935750346352
9.1	5.36935750346352
9.3	5.36935750346352
9.5	5.36935750346352
9.7	5.36935750346352
9.9	5.36935750346352
10.1	5.36935750346352
10.3	5.36935750346352
10.5	5.36935750346352
10.7	5.36935750346352
10.9	5.36935750346352
11.1	5.36935750346352
11.3	5.36935750346352
11.5	5.36935750346352
11.7	5.36935750346352
11.9	5.36935750346352
0	5.54256258422041
0.2	5.54256258422041
0.4	5.54256258422041
0.6	5.54256258422041
0.8	5.54256258422041
1	5.54256258422041
1.2	5.54256258422041
1.4	5.54256258422041
1.6	5.54256258422041
1.8	5.54256258422041
2	5.54256258422041
2.2	5.54256258422041
2.4	5.54256258422041
2.6	5.54256258422041
2.8	5.54256258422041
3	5.54256258422041
3.2	5.54256258422041
3.4	5.54256258422041
3.6	5.54256258422041
3.8	5.54256258422041
4	5.54256258422041
4.2	5.54256258422041
4.4	5.54256258422041
4.6	5.54256258422041
4.8	5.54256258422041
5	5.54256258422041
5.2	5.54256258422041
5.4	5.54256258422041
5.6	5.54256258422041
5.8	5.54256258422041
6	5.54256258422041
6.2	5.54256258422041
6.4	5.54256258422041
6.6	5.54256258422041
6.8	5.54256258422041
7	5.54256258422041
7.2	5.54256258422041
7.4	5.54256258422041
7.6	5.54256258422041
7.8	5.54256258422041
8	5.54256258422041
8.2	5.54256258422041
8.4	5.54256258422041
8.6	5.54256258422041
8.8	5.54256258422041
9	5.54256258422041
9.2	5.54256258422041
9.4	5.54256258422041
9.6	5.54256258422041
9.8	5.54256258422041
10	5.54256258422041
10.2	5.54256258422041
10.4	5.54256258422041
10.6	5.54256258422041
10.8	5.54256258422041
11	5.54256258422041
11.2	5.54256258422041
11.4	5.54256258422041
11.6	5.54256258422041
11.8	5.54256258422041
0.1	5.7157676649773
0.3	5.7157676649773
0.5	5.7157676649773
0.7	5.7157676649773
0.9	5.7157676649773
1.1	5.7157676649773
1.3	5.7157676649773
1.5	5.7157676649773
1.7	5.7157676649773
1.9	5.7157676649773
2.1	5.7157676649773
2.3	5.7157676649773
2.5	5.7157676649773
2.7	5.7157676649773
2.9	5.7157676649773
3.1	5.7157676649773
3.3	5.7157676649773
3.5	5.7157676649773
3.7	5.7157676649773
3.9	5.7157676649773
4.1	5.7157676649773
4.3	5.7157676649773
4.5	5.7157676649773
4.7	5.7157676649773
4.9	5.7157676649773
5.1	5.7157676649773
5.3	5.7157676649773
5.5	5.7157676649773
5.7	5.7157676649773
5.9	5.7157676649773
6.1	5.7157676649773
6.3	5.7157676649773
6.5	5.7157676649773
6.7	5.7157676649773
6.9	5.7157676649773
7.1	5.7157676649773
7.3	5.7157676649773
7.5	5.7157676649773
7.7	5.7157676649773
7.9	5.7157676649773
8.1	5.7157676649773
8.3	5.7157676649773
8.5	5.7157676649773
8.7	5.7157676649773
8.9	5.7157676649773
9.1	5.7157676649773
9.3	5.7157676649773
9.5	5.7157676649773
9.7	5.7157676649773
9.9	5.7157676649773
10.1	5.7157676649773
10.3	5.7157676649773
10.5	5.7157676649773
10.7	5.7157676649773
10.9	5.7157676649773
11.1	5.7157676649773
11.3	5.7157676649773
11.5	5.7157676649773
11.7	5.7157676649773
11.9	5.7157676649773
0	5.88897274573418
0.2	5.88897274573418
0.4	5.88897274573418
0.6	5.88897274573418
0.8	5.88897274573418
1	5.88897274573418
1.2	5.88897274573418
1.4	5.88897274573418
1.6	5.88897274573418
1.8	5.88897274573418
2	5.88897274573418
2.2	5.88897274573418
2.4	5.88897274573418
2.6	5.88897274573418
2.8	5.88897274573418
3	5.88897274573418
3.2	5.88897274573418
3.4	5.88897274573418
3.6	5.88897274573418
3.8	5.88897274573418
4	5.88897274573418
4.2	5.88897274573418
4.4	5.88897274573418
4.6	5.88897274573418
4.8	5.88897274573418
5	5.88897274573418
5.2	5.88897274573418
5.4	5.88897274573418
5.6	5.88897274573418
5.8	5.88897274573418
6	5.88897274573418
6.2	5.88897274573418
6.4	5.88897274573418
6.6	5.88897274573418
6.8	5.88897274573418
7	5.88897274573418
7.2	5.88897274573418
7.4	5.88897274573418
7.6	5.88897274573418
7.8	5.88897274573418
8	5.88897274573418
8.2	5.88897274573418
8.4	5.88897274573418
8.6	5.88897274573418
8.8	5.88897274573418
9	5.88897274573418
9.2	5.88897274573418
9.4	5.88897274573418
9.6	5.88897274573418
9.8	5.88897274573418
10	5.88897274573418
10.2	5.88897274573418
10.4	5.88897274573418
10.6	5.88897274573418
10.8	5.88897274573418
11	5.88897274573418
11.2	5.88897274573418
11.4	5.88897274573418
11.6	5.88897274573418
11.8	5.88897274573418
0.1	6.06217782649107
0.3	6.06217782649107
0.5	6.06217782649107
0.7	6.06217782649107
0.9	6.06217782649107
1.1	6.06217782649107
1.3	6.06217782649107
1.5	6.06217782649107
1.7	6.06217782649107
1.9	6.06217782649107
2.1	6.06217782649107
2.3	6.06217782649107
2.5	6.06217782649107
2.7	6.06217782649107
2.9	6.06217782649107
3.1	6.06217782649107
3.3	6.06217782649107
3.5	6.06217782649107
3.7	6.06217782649107
3.9	6.06217782649107
4.1	6.06217782649107
4.3	6.06217782649107
4.5	6.06217782649107
4.7	6.06217782649107
4.9	6.06217782649107
5.1	6.06217782649107
5.3	6.06217782649107
5.5	6.06217782649107
5.7	6.06217782649107
5.9	6.06217782649107
6.1	6.06217782649107
6.3	6.06217782649107
6.5	6.06217782649107
6.7	6.06217782649107
6.9	6.06217782649107
7.1	6.06217782649107
7.3	6.06217782649107
7.5	6.06217782649107
7.7	6.06217782649107
7.9	6.06217782649107
8.1	6.06217782649107
8.3	6.06217782649107
8.5	6.06217782649107
8.7	6.06217782649107
8.9	6.06217782649107
9.1	6.06217782649107
9.3	6.06217782649107
9.5	6.06217782649107
9.7	6.06217782649107
9.9	6.06217782649107
10.1	6.06217782649107
10.3	6.06217782649107
10.5	6.06217782649107
10.7	6.06217782649107
10.9	6.06217782649107
11.1	6.06217782649107
11.3	6.06217782649107
11.5	6.06217782649107
11.7	6.06217782649107
11.9	6.06217782649107
0	6.23538290724796
0.2	6.23538290724796
0.4	6.23538290724796
0.6	6.23538290724796
0.8	6.23538290724796
1	6.23538290724796
1.2	6.23538290724796
1.4	6.23538290724796
1.6	6.23538290724796
1.8	6.23538290724796
2	6.23538290724796
2.2	6.23538290724796
2.4	6.23538290724796
2.6	6.23538290724796
2.8	6.23538290724796
3	6.23538290724796
3.2	6.23538290724796
3.4	6.23538290724796
3.6	6.23538290724796
3.8	6.23538290724796
4	6.23538290724796
4.2	6.23538290724796
4.4	6.23538290724796
4.6	6.23538290724796
4.8	6.23538290724796
5	6.23538290724796
5.2	6.23538290724796
5.4	6.23538290724796
5.6	6.23538290724796
5.8	6.23538290724796
6	6.23538290724796
6.2	6.23538290724796
6.4	6.23538290724796
6.6	6.23538290724796
6.8	6.23538290724796
7	6.23538290724796
7.2	6.23538290724796
7.4	6.23538290724796
7.6	6.23538290724796
7.8	6.23538290724796
8	6.23538290724796
8.2	6.23538290724796
8.4	6.23538290724796
8.6	6.23538290724796
8.8	6.23538290724796
9	6.23538290724796
9.2	6.23538290724796
9.4	6.23538290724796
9.6	6.23538290724796
9.8	6.23538290724796
10	6.23538290724796
10.2	6.23538290724796
10.4	6.23538290724796
10.6	6.23538290724796
10.8	6.23538290724796
11	6.23538290724796
11.2	6.23538290724796
11.4	6.23538290724796
11.6	6.23538290724796
11.8	6.23538290724796
0.1	6.40858798800485
0.3	6.40858798800485
0.5	6.40858798800485
0.7	6.40858798800485
0.9	6.40858798800485
1.1	6.40858798800485
1.3	6.40858798800485
1.5	6.40858798800485
1.7	6.40858798800485
1.9	6.40858798800485
2.1	6.40858798800485
2.3	6.40858798800485
2.5	6.40858798800485
2.7	6.40858798800485
2.9	6.40858798800485
3.1	6.40858798800485
3.3	6.40858798800485
3.5	6.40858798800485
3.7	6.40858798800485
3.9	6.40858798800485
4.1	6.40858798800485
4.3	6.40858798800485
4.5	6.40858798800485
4.7	6.40858798800485
4.9	6.40858798800485
5.1	6.40858798800485
5.3	6.40858798800485
5.5	6.40858798800485
5.7	6.40858798800485
5.9	6.40858798800485
6.1	6.40858798800485
6.3	6.40858798800485
6.5	6.40858798800485
6.7	6.40858798800485
6.9	6.40858798800485
7.1	6.40858798800485
7.3	6.40858798800485
7.5	6.40858798800485
7.7	6.40858798800485
7.9	6.40858798800485
8.1	6.40858798800485
8.3	6.40858798800485
8.5	6.40858798800485
8.7	6.40858798800485
8.9	6.40858798800485
9.1	6.40858798800485
9.3	6.40858798800485
9.5	6.40858798800485
9.7	6.40858798800485
9.9	6.40858798800485
10.1	6.40858798800485
10.3	6.40858798800485
10.5	6.40858798800485
10.7	6.40858798800485
10.9	6.40858798800485
11.1	6.40858798800485
11.3	6.40858798800485
11.5	6.40858798800485
11.7	6.40858798800485
11.9	6.40858798800485
0	6.58179306876173
0.2	6.58179306876173
0.4	6.58179306876173
0.6	6.58179306876173
0.8	6.58179306876173
1	6.58179306876173
1.2	6.58179306876173
1.4	6.58179306876173
1.6	6.58179306876173
1.8	6.58179306876173
2	6.58179306876173
2.2	6.58179306876173
2.4	6.58179306876173
2.6	6.58179306876173
2.8	6.58179306876173
3	6.58179306876173
3.2	6.58179306876173
3.4	6.58179306876173
3.6	6.58179306876173
3.8	6.58179306876173
4	6.58179306876173
4.2	6.58179306876173
4.4	6.58179306876173
4.6	6.58179306876173
4.8	6.58179306876173
5	6.58179306876173
5.2	6.58179306876173
5.4	6.58179306876173
5.6	6.58179306876173
5.8	6.58179306876173
6	6.58179306876173
6.2	6.58179306876173
6.4	6.58179306876173
6.6	6.58179306876173
6.8	6.58179306876173
7	6.58179306876173
7.2	6.58179306876173
7.4	6.58179306876173
7.6	6.58179306876173
7.8	6.58179306876173
8	6.58179306876173
8.2	6.58179306876173
8.4	6.58179306876173
8.6	6.58179306876173
8.8	6.58179306876173
9	6.58179306876173
9.2	6.58179306876173
9.4	6.58179306876173
9.6	6.58179306876173
9.8	6.58179306876173
10	6.58179306876173
10.2	6.58179306876173
10.4	6.58179306876173
10.6	6.58179306876173
10.8	6.58179306876173
11	6.58179306876173
11.2	6.58179306876173
11.4	6.58179306876173
11.6	6.58179306876173
11.8	6.58179306876173
0.1	6.75499814951862
0.3	6.75499814951862
0.5	6.75499814951862
0.7	6.75499814951862
0.9	6.75499814951862
1.1	6.75499814951862
1.3	6.75499814951862
1.5	6.75499814951862
1.7	6.75499814951862
1.9	6.75499814951862
2.1	6.75499814951862
2.3	6.75499814951862
2.5	6.75499814951862
2.7	6.75499814951862
2.9	6.75499814951862
3.1	6.75499814951862
3.3	6.75499814951862
3.5	6.75499814951862
3.7	6.75499814951862
3.9	6.75499814951862
4.1	6.75499814951862
4.3	6.75499814951862
4.5	6.75499814951862
4.7	6.75499814951862
4.9	6.75499814951862
5.1	6.75499814951862
5.3	6.75499814951862
5.5	6.75499814951862
5.7	6.75499814951862
5.9	6.75499814951862
6.1	6.75499814951862
6.3	6.75499814951862
6.5	6.75499814951862
6.7	6.75499814951862
6.9	6.75499814951862
7.1	6.75499814951862
7.3	6.75499814951862
7.5	6.75499814951862
7.7	6.75499814951862
7.9	6.75499814951862
8.1	6.75499814951862
8.3	6.75499814951862
8.5	6.75499814951862
8.7	6.75499814951862
8.9	6.75499814951862
9.1	6.75499814951862
9.3	6.75499814951862
9.5	6.75499814951862
9.7	6.75499814951862
9.9	6.75499814951862
10.1	6.75499814951862
10.3	6.75499814951862
10.5	6.75499814951862
10.7	6.75499814951862
10.9	6.75499814951862
11.1	6.75499814951862
11.3	6.75499814951862
11.5	6.75499814951862
11.7	6.75499814951862
11.9	6.75499814951862
0	6.92820323027551
0.2	6.92820323027551
0.4	6.92820323027551
0.6	6.92820323027551
0.8	6.92820323027551
1	6.92820323027551
1.2	6.92820323027551
1.4	6.92820323027551
1.6	6.92820323027551
1.8	6.92820323027551
2	6.92820323027551
2.2	6.92820323027551
2.4	6.92820323027551
2.6	6.92820323027551
2.8	6.92820323027551
3	6.92820323027551
3.2	6.92820323027551
3.4	6.92820323027551
3.6	6.92820323027551
3.8	6.92820323027551
4	6.92820323027551
4.2	6.92820323027551
4.4	6.92820323027551
4.6	6.92820323027551
4.8	6.92820323027551
5	6.92820323027551
5.2	6.92820323027551
5.4	6.92820323027551
5.6	6.92820323027551
5.8	6.92820323027551
6	6.92820323027551
6.2	6.92820323027551
6.4	6.92820323027551
6.6	6.92820323027551
6.8	6.92820323027551
7	6.92820323027551
7.2	6.92820323027551
7.4	6.92820323027551
7.6	6.92820323027551
7.8	6.92820323027551
8	6.92820323027551
8.2	6.92820323027551
8.4	6.92820323027551
8.6	6.92820323027551
8.8	6.92820323027551
9	6.92820323027551
9.2	6.92820323027551
9.4	6.92820323027551
9.6	6.92820323027551
9.8	6.92820323027551
10	6.92820323027551
10.2	6.92820323027551
10.4	6.92820323027551
10.6	6.92820323027551
10.8	6.92820323027551
11	6.92820323027551
11.2	6.92820323027551
11.4	6.92820323027551
11.6	6.92820323027551
11.8	6.92820323027551
0.1	7.1014083110324
0.3	7.1014083110324
0.5	7.1014083110324
0.7	7.1014083110324
0.9	7.1014083110324
1.1	7.1014083110324
1.3	7.1014083110324
1.5	7.1014083110324
1.7	7.1014083110324
1.9	7.1014083110324
2.1	7.1014083110324
2.3	7.1014083110324
2.5	7.1014083110324
2.7	7.1014083110324
2.9	7.1014083110324
3.1	7.1014083110324
3.3	7.1014083110324
3.5	7.1014083110324
3.7	7.1014083110324
3.9	7.1014083110324
4.1	7.1014083110324
4.3	7.1014083110324
4.5	7.1014083110324
4.7	7.1014083110324
4.9	7.1014083110324
5.1	7.1014083110324
5.3	7.1014083110324
5.5	7.1014083110324
5.7	7.1014083110324
5.9	7.1014083110324
6.1	7.1014083110324
6.3	7.1014083110324
6.5	7.1014083110324
6.7	7.1014083110324
6.9	7.1014083110324
7.1	7.1014083110324
7.3	7.1014083110324
7.5	7.1014083110324
7.7	7.1014083110324
7.9	7.1014083110324
8.1	7.1014083110324
8.3	7.1014083110324
8.5	7.1014083110324
8.7	7.1014083110324
8.9	7.1014083110324
9.1	7.1014083110324
9.3	7.1014083110324
9.5	7.1014083110324
9.7	7.1014083110324
9.9	7.1014083110324
10.1	7.1014083110324
10.3	7.1014083110324
10.5	7.1014083110324
10.7	7.1014083110324
10.9	7.1014083110324
11.1	7.1014083110324
11.3	7.1014083110324
11.5	7.1014083110324
11.7	7.1014083110324
11.9	7.1014083110324
0	7.27461339178929
0.2	7.27461339178929
0.4	7.27461339178929
0.6	7.27461339178929
0.8	7.27461339178929
1	7.27461339178929
1.2	7.27461339178929
1.4	7.27461339178929
1.6	7.27461339178929
1.8	7.27461339178929
2	7.27461339178929
2.2	7.27461339178929
2.4	7.27461339178929
2.6	7.27461339178929
2.8	7.27461339178929
3	7.27461339178929
3.2	7.27461339178929
3.4	7.27461339178929
3.6	7.27461339178929
3.8	7.27461339178929
4	7.27461339178929
4.2	7.27461339178929
4.4	7.27461339178929
4.6	7.27461339178929
4.8	7.27461339178929
5	7.27461339178929
5.2	7.27461339178929
5.4	7.27461339178929
5.6	7.27461339178929
5.8	7.27461339178929
6	7.27461339178929
6.2	7.27461339178929
6.4	7.27461339178929
6.6	7.27461339178929
6.8	7.27461339178929
7	7.27461339178929
7.2	7.27461339178929
7.4	7.27461339178929
7.6	7.27461339178929
7.8	7.27461339178929
8	7.27461339178929
8.2	7.27461339178929
8.4	7.27461339178929
8.6	7.27461339178929
8.8	7.27461339178929
9	7.27461339178929
9.2	7.27461339178929
9.4	7.27461339178929
9.6	7.27461339178929
9.8	7.27461339178929
10	7.27461339178929
10.2	7.27461339178929
10.4	7.27461339178929
10.6	7.27461339178929
10.8	7.27461339178929
11	7.27461339178929
11.2	7.27461339178929
11.4	7.27461339178929
11.6	7.27461339178929
11.8	7.27461339178929
0.1	7.44781847254617
0.3	7.44781847254617
0.5	7.44781847254617
0.7	7.44781847254617
0.9	7.44781847254617
1.1	7.44781847254617
1.3	7.44781847254617
1.5	7.44781847254617
1.7	7.44781847254617
1.9	7.44781847254617
2.1	7.44781847254617
2.3	7.44781847254617
2.5	7.44781847254617
2.7	7.44781847254617
2.9	7.44781847254617
3.1	7.44781847254617
3.3	7.44781847254617
3.5	7.44781847254617
3.7	7.44781847254617
3.9	7.44781847254617
4.1	7.44781847254617
4.3	7.44781847254617
4.5	7.44781847254617
4.7	7.44781847254617
4.9	7.44781847254617
5.1	7.44781847254617
5.3	7.44781847254617
5.5	7.44781847254617
5.7	7.44781847254617
5.9	7.44781847254617
6.1	7.44781847254617
6.3	7.44781847254617
6.5	7.44781847254617
6.7	7.44781847254617
6.9	7.44781847254617
7.1	7.44781847254617
7.3	7.44781847254617
7.5	7.44781847254617
7.7	7.44781847254617
7.9	7.44781847254617
8.1	7.44781847254617
8.3	7.44781847254617
8.5	7.44781847254617
8.7	7.44781847254617
8.9	7.44781847254617
9.1	7.44781847254617
9.3	7.44781847254617
9.5	7.44781847254617
9.7	7.44781847254617
9.9	7.44781847254617
10.1	7.44781847254617
10.3	7.44781847254617
10.5	7.44781847254617
10.7	7.44781847254617
10.9	7.44781847254617
11.1	7.44781847254617
11.3	7.44781847254617
11.5	7.44781847254617
11.7	7.44781847254617
11.9	7.44781847254617
0	7.62102355330306
0.2	7.62102355330306
0.4	7.62102355330306
0.6	7.62102355330306
0.8	7.62102355330306
1	7.62102355330306
1.2	7.62102355330306
1.4	7.62102355330306
1.6	7.62102355330306
1.8	7.62102355330306
2	7.62102355330306
2.2	7.62102355330306
2.4	7.62102355330306
2.6	7.62102355330306
2.8	7.62102355330306
3	7.62102355330306
3.2	7.62102355330306
3.4	7.62102355330306
3.6	7.62102355330306
3.8	7.62102355330306
4	7.62102355330306
4.2	7.62102355330306
4.4	7.62102355330306
4.6	7.62102355330306
4.8	7.62102355330306
5	7.62102355330306
5.2	7.62102355330306
5.4	7.62102355330306
5.6	7.62102355330306
5.8	7.62102355330306
6	7.62102355330306
6.2	7.62102355330306
6.4	7.62102355330306
6.6	7.62102355330306
6.8	7.62102355330306
7	7.62102355330306
7.2	7.62102355330306
7.4	7.62102355330306
7.6	7.62102355330306
7.8	7.62102355330306
8	7.62102355330306
8.2	7.62102355330306
8.4	7.62102355330306
8.6	7.62102355330306
8.8	7.62102355330306
9	7.62102355330306
9.2	7.62102355330306
9.4	7.62102355330306
9.6	7.62102355330306
9.8	7.62102355330306
10	7.62102355330306
10.2	7.62102355330306
10.4	7.62102355330306
10.6	7.62102355330306
10.8	7.62102355330306
11	7.62102355330306
11.2	7.62102355330306
11.4	7.62102355330306
11.6	7.62102355330306
11.8	7.62102355330306
0.1	7.79422863405995
0.3	7.79422863405995
0.5	7.79422863405995
0.7	7.79422863405995
0.9	7.79422863405995
1.1	7.79422863405995
1.3	7.79422863405995
1.5	7.79422863405995
1.7	7.79422863405995
1.9	7.79422863405995
2.1	7.79422863405995
2.3	7.79422863405995
2.5	7.79422863405995
2.7	7.79422863405995
2.9	7.79422863405995
3.1	7.79422863405995
3.3	7.79422863405995
3.5	7.79422863405995
3.7	7.79422863405995
3.9	7.79422863405995
4.1	7.79422863405995
4.3	7.79422863405995
4.5	7.79422863405995
4.7	7.79422863405995
4.9	7.79422863405995
5.1	7.79422863405995
5.3	7.79422863405995
5.5	7.79422863405995
5.7	7.79422863405995
5.9	7.79422863405995
6.1	7.79422863405995
6.3	7.79422863405995
6.5	7.79422863405995
6.7	7.79422863405995
6.9	7.79422863405995
7.1	7.79422863405995
7.3	7.79422863405995
7.5	7.79422863405995
7.7	7.79422863405995
7.9	7.79422863405995
8.1	7.79422863405995
8.3	7.79422863405995
8.5	7.79422863405995
8.7	7.79422863405995
8.9	7.79422863405995
9.1	7.79422863405995
9.3	7.79422863405995
9.5	7.79422863405995
9.7	7.79422863405995
9.9	7.79422863405995
10.1	7.79422863405995
10.3	7.79422863405995
10.5	7.79422863405995
10.7	7.79422863405995
10.9	7.79422863405995
11.1	7.79422863405995
11.3	7.79422863405995
11.5	7.79422863405995
11.7	7.79422863405995
11.9	7.79422863405995
0	7.96743371481684
0.2	7.96743371481684
0.4	7.96743371481684
0.6	7.96743371481684
0.8	7.96743371481684
1	7.96743371481684
1.2	7.96743371481684
1.4	7.96743371481684
1.6	7.96743371481684
1.8	7.96743371481684
2	7.96743371481684
2.2	7.96743371481684
2.4	7.96743371481684
2.6	7.96743371481684
2.8	7.96743371481684
3	7.96743371481684
3.2	7.96743371481684
3.4	7.96743371481684
3.6	7.96743371481684
3.8	7.96743371481684
4	7.96743371481684
4.2	7.96743371481684
4.4	7.96743371481684
4.6	7.96743371481684
4.8	7.96743371481684
5	7.96743371481684
5.2	7.96743371481684
5.4	7.96743371481684
5.6	7.96743371481684
5.8	7.96743371481684
6	7.96743371481684
6.2	7.96743371481684
6.4	7.96743371481684
6.6	7.96743371481684
6.8	7.96743371481684
7	7.96743371481684
7.2	7.96743371481684
7.4	7.96743371481684
7.6	7.96743371481684
7.8	7.96743371481684
8	7.96743371481684
8.2	7.96743371481684
8.4	7.96743371481684
8.6	7.96743371481684
8.8	7.96743371481684
9	7.96743371481684
9.2	7.96743371481684
9.4	7.96743371481684
9.6	7.96743371481684
9.8	7.96743371481684
10	7.96743371481684
10.2	7.96743371481684
10.4	7.96743371481684
10.6	7.96743371481684
10.8	7.96743371481684
11	7.96743371481684
11.2	7.96743371481684
11.4	7.96743371481684
11.6	7.96743371481684
11.8	7.96743371481684
0.1	8.14063879557372
0.3	8.14063879557372
0.5	8.14063879557372
0.7	8.14063879557372
0.9	8.14063879557372
1.1	8.14063879557372
1.3	8.14063879557372
1.5	8.14063879557372
1.7	8.14063879557372
1.9	8.14063879557372
2.1	8.14063879557372
2.3	8.14063879557372
2.5	8.14063879557372
2.7	8.14063879557372
2.9	8.14063879557372
3.1	8.14063879557372
3.3	8.14063879557372
3.5	8.14063879557372
3.7	8.14063879557372
3.9	8.14063879557372
4.1	8.14063879557372
4.3	8.14063879557372
4.5	8.14063879557372
4.7	8.14063879557372
4.9	8.14063879557372
5.1	8.14063879557372
5.3	8.14063879557372
5.5	8.14063879557372
5.7	8.14063879557372
5.9	8.14063879557372
6.1	8.14063879557372
6.3	8.14063879557372
6.5	8.14063879557372
6.7	8.14063879557372
6.9	8.14063879557372
7.1	8.14063879557372
7.3	8.14063879557372
7.5	8.14063879557372
7.7	8.14063879557372
7.9	8.14063879557372
8.1	8.14063879557372
8.3	8.14063879557372
8.5	8.14063879557372
8.7	8.14063879557372
8.9	8.14063879557372
9.1	8.14063879557372
9.3	8.14063879557372
9.5	8.14063879557372
9.7	8.14063879557372
9.9	8.14063879557372
10.1	8.14063879557372
10.3	8.14063879557372
10.5	8.14063879557372
10.7	8.14063879557372
10.9	8.14063879557372
11.1	8.14063879557372
11.3	8.14063879557372
11.5	8.14063879557372
11.7	8.14063879557372
11.9	8.14063879557372
0	8.31384387633061
0.2	8.31384387633061
0.4	8.31384387633061
0.6	8.31384387633061
0.8	8.31384387633061
1	8.31384387633061
1.2	8.31384387633061
1.4	8.31384387633061
1.6	8.31384387633061
1.8	8.31384387633061
2	8.31384387633061
2.2	8.31384387633061
2.4	8.31384387633061
2.6	8.31384387633061
2.8	8.31384387633061
3	8.31384387633061
3.2	8.31384387633061
3.4	8.31384387633061
3.6	8.31384387633061
3.8	8.31384387633061
4	8.31384387633061
4.2	8.31384387633061
4.4	8.31384387633061
4.6	8.31384387633061
4.8	8.31384387633061
5	8.31384387633061
5.2	8.31384387633061
5.4	8.31384387633061
5.6	8.31384387633061
5.8	8.31384387633061
6	8.31384387633061
6.2	8.31384387633061
6.4	8.31384387633061
6.6	8.31384387633061
6.8	8.31384387633061
7	8.31384387633061
7.2	8.31384387633061
7.4	8.31384387633061
7.6	8.31384387633061
7.8	8.31384387633061
8	8.31384387633061
8.2	8.31384387633061
8.4	8.31384387633061
8.6	8.31384387633061
8.8	8.31384387633061
9	8.31384387633061
9.2	8.31384387633061
9.4	8.31384387633061
9.6	8.31384387633061
9.8	8.31384387633061
10	8.31384387633061
10.2	8.31384387633061
10.4	8.31384387633061
10.6	8.31384387633061
10.8	8.31384387633061
11	8.31384387633061
11.2	8.31384387633061
11.4	8.31384387633061
11.6	8.31384387633061
11.8	8.31384387633061
0.1	8.4870489570875
0.3	8.4870489570875
0.5	8.4870489570875
0.7	8.4870489570875
0.9	8.4870489570875
1.1	8.4870489570875
1.3	8.4870489570875
1.5	8.4870489570875
1.7	8.4870489570875
1.9	8.4870489570875
2.1	8.4870489570875
2.3	8.4870489570875
2.5	8.4870489570875
2.7	8.4870489570875
2.9	8.4870489570875
3.1	8.4870489570875
3.3	8.4870489570875
3.5	8.4870489570875
3.7	8.4870489570875
3.9	8.4870489570875
4.1	8.4870489570875
4.3	8.4870489570875
4.5	8.4870489570875
4.7	8.4870489570875
4.9	8.4870489570875
5.1	8.4870489570875
5.3	8.4870489570875
5.5	8.4870489570875
5.7	8.4870489570875
5.9	8.4870489570875
6.1	8.4870489570875
6.3	8.4870489570875
6.5	8.4870489570875
6.7	8.4870489570875
6.9	8.4870489570875
7.1	8.4870489570875
7.3	8.4870489570875
7.5	8.4870489570875
7.7	8.4870489570875
7.9	8.4870489570875
8.1	8.4870489570875
8.3	8.4870489570875
8.5	8.4870489570875
8.7	8.4870489570875
8.9	8.4870489570875
9.1	8.4870489570875
9.3	8.4870489570875
9.5	8.4870489570875
9.7	8.4870489570875
9.9	8.4870489570875
10.1	8.4870489570875
10.3	8.4870489570875
10.5	8.4870489570875
10.7	8.4870489570875
10.9	8.4870489570875
11.1	8.4870489570875
11.3	8.4870489570875
11.5	8.4870489570875
11.7	8.4870489570875
11.9	8.4870489570875
0	8.66025403784439
0.2	8.66025403784439
0.4	8.66025403784439
0.6	8.66025403784439
0.8	8.66025403784439
1	8.66025403784439
1.2	8.66025403784439
1.4	8.66025403784439
1.6	8.66025403784439
1.8	8.66025403784439
2	8.66025403784439
2.2	8.66025403784439
2.4	8.66025403784439
2.6	8.66025403784439
2.8	8.66025403784439
3	8.66025403784439
3.2	8.66025403784439
3.4	8.66025403784439
3.6	8.66025403784439
3.8	8.66025403784439
4	8.66025403784439
4.2	8.66025403784439
4.4	8.66025403784439
4.6	8.66025403784439
4.8	8.66025403784439
5	8.66025403784439
5.2	8.66025403784439
5.4	8.66025403784439
5.6	8.66025403784439
5.8	8.66025403784439
6	8.66025403784439
6.2	8.66025403784439
6.4	8.66025403784439
6.6	8.66025403784439
6.8	8.66025403784439
7	8.66025403784439
7.2	8.66025403784439
7.4	8.66025403784439
7.6	8.66025403784439
7.8	8.66025403784439
8	8.66025403784439
8.2	8.66025403784439
8.4	8.66025403784439
8.6	8.66025403784439
8.8	8.66025403784439
9	8.66025403784439
9.2	8.66025403784439
9.4	8.66025403784439
9.6	8.66025403784439
9.8	8.66025403784439
10	8.66025403784439
10.2	8.66025403784439
10.4	8.66025403784439
10.6	8.66025403784439
10.8	8.66025403784439
11	8.66025403784439
11.2	8.66025403784439
11.4	8.66025403784439
11.6	8.66025403784439
11.8	8.66025403784439
0.1	8.83345911860127
0.3	8.83345911860127
0.5	8.83345911860127
0.7	8.83345911860127
0.9	8.83345911860127
1.1	8.83345911860127
1.3	8.83345911860127
1.5	8.83345911860127
1.7	8.83345911860127
1.9	8.83345911860127
2.1	8.83345911860127
2.3	8.83345911860127
2.5	8.83345911860127
2.7	8.83345911860127
2.9	8.83345911860127
3.1	8.83345911860127
3.3	8.83345911860127
3.5	8.83345911860127
3.7	8.83345911860127
3.9	8.83345911860127
4.1	8.83345911860127
4.3	8.83345911860127
4.5	8.83345911860127
4.7	8.83345911860127
4.9	8.83345911860127
5.1	8.83345911860127
5.3	8.83345911860127
5.5	8.83345911860127
5.7	8.83345911860127
5.9	8.83345911860127
6.1	8.83345911860127
6.3	8.83345911860127
6.5	8.83345911860127
6.7	8.83345911860127
6.9	8.83345911860127
7.1	8.83345911860127
7.3	8.83345911860127
7.5	8.83345911860127
7.7	8.83345911860127
7.9	8.83345911860127
8.1	8.83345911860127
8.3	8.83345911860127
8.5	8.83345911860127
8.7	8.83345911860127
8.9	8.83345911860127
9.1	8.83345911860127
9.3	8.83345911860127
9.5	8.83345911860127
9.7	8.83345911860127
9.9	8.83345911860127
10.1	8.83345911860127
10.3	8.83345911860127
10.5	8.83345911860127
10.7	8.83345911860127
10.9	8.83345911860127
11.1	8.83345911860127
11.3	8.83345911860127
11.5	8.83345911860127
11.7	8.83345911860127
11.9	8.83345911860127
0	9.00666419935816
0.2	9.00666419935816
0.4	9.00666419935816
0.6	9.00666419935816
0.8	9.00666419935816
1	9.00666419935816
1.2	9.00666419935816
1.4	9.00666419935816
1.6	9.00666419935816
1.8	9.00666419935816
2	9.00666419935816
2.2	9.00666419935816
2.4	9.00666419935816
2.6	9.00666419935816
2.8	9.00666419935816
3	9.00666419935816
3.2	9.00666419935816
3.4	9.00666419935816
3.6	9.00666419935816
3.8	9.00666419935816
4	9.00666419935816
4.2	9.00666419935816
4.4	9.00666419935816
4.6	9.00666419935816
4.8	9.00666419935816
5	9.00666419935816
5.2	9.00666419935816
5.4	9.00666419935816
5.6	9.00666419935816
5.8	9.00666419935816
6	9.00666419935816
6.2	9.00666419935816
6.4	9.00666419935816
6.6	9.00666419935816
6.8	9.00666419935816
7	9.00666419935816
7.2	9.00666419935816
7.4	9.00666419935816
7.6	9.00666419935816
7.8	9.00666419935816
8	9.00666419935816
8.2	9.00666419935816
8.4	9.00666419935816
8.6	9.00666419935816
8.8	9.00666419935816
9	9.00666419935816
9.2	9.00666419935816
9.4	9.00666419935816
9.6	9.00666419935816
9.8	9.00666419935816
10	9.00666419935816
10.2	9.00666419935816
10.4	9.00666419935816
10.6	9.00666419935816
10.8	9.00666419935816
11	9.00666419935816
11.2	9.00666419935816
11.4	9.00666419935816
11.6	9.00666419935816
11.8	9.00666419935816
0.1	9.17986928011505
0.3	9.17986928011505
0.5	9.17986928011505
0.7	9.17986928011505
0.9	9.17986928011505
1.1	9.17986928011505
1.3	9.17986928011505
1.5	9.17986928011505
1.7	9.17986928011505
1.9	9.17986928011505
2.1	9.17986928011505
2.3	9.17986928011505
2.5	9.17986928011505
2.7	9.17986928011505
2.9	9.17986928011505
3.1	9.17986928011505
3.3	9.17986928011505
3.5	9.17986928011505
3.7	9.17986928011505
3.9	9.17986928011505
4.1	9.17986928011505
4.3	9.17986928011505
4.5	9.17986928011505
4.7	9.17986928011505
4.9	9.17986928011505
5.1	9.17986928011505
5.3	9.17986928011505
5.5	9.17986928011505
5.7	9.17986928011505
5.9	9.17986928011505
6.1	9.17986928011505
6.3	9.17986928011505
6.5	9.17986928011505
6.7	9.17986928011505
6.9	9.17986928011505
7.1	9.17986928011505
7.3	9.17986928011505
7.5	9.17986928011505
7.7	9.17986928011505
7.9	9.17986928011505
8.1	9.17986928011505
8.3	9.17986928011505
8.5	9.17986928011505
8.7	9.17986928011505
8.9	9.17986928011505
9.1	9.17986928011505
9.3	9.17986928011505
9.5	9.17986928011505
9.7	9.17986928011505
9.9	9.17986928011505
10.1	9.17986928011505
10.3	9.17986928011505
10.5	9.17986928011505
10.7	9.17986928011505
10.9	9.17986928011505
11.1	9.17986928011505
11.3	9.17986928011505
11.5	9.17986928011505
11.7	9.17986928011505
11.9	9.17986928011505
0	9.35307436087194
0.2	9.35307436087194
0.4	9.35307436087194
0.6	9.35307436087194
0.8	9.35307436087194
1	9.35307436087194
1.2	9.35307436087194
1.4	9.35307436087194
1.6	9.35307436087194
1.8	9.35307436087194
2	9.35307436087194
2.2	9.35307436087194
2.4	9.35307436087194
2.6	9.35307436087194
2.8	9.35307436087194
3	9.35307436087194
3.2	9.35307436087194
3.4	9.35307436087194
3.6	9.35307436087194
3.8	9.35307436087194
4	9.35307436087194
4.2	9.35307436087194
4.4	9.35307436087194
4.6	9.35307436087194
4.8	9.35307436087194
5	9.35307436087194
5.2	9.35307436087194
5.4	9.35307436087194
5.6	9.35307436087194
5.8	9.35307436087194
6	9.35307436087194
6.2	9.35307436087194
6.4	9.35307436087194
6.6	9.35307436087194
6.8	9.35307436087194
7	9.35307436087194
7.2	9.35307436087194
7.4	9.35307436087194
7.6	9.35307436087194
7.8	9.35307436087194
8	9.35307436087194
8.2	9.35307436087194
8.4	9.35307436087194
8.6	9.35307436087194
8.8	9.35307436087194
9	9.35307436087194
9.2	9.35307436087194
9.4	9.35307436087194
9.6	9.35307436087194
9.8	9.35307436087194
10	9.35307436087194
10.2	9.35307436087194
10.4	9.35307436087194
10.6	9.35307436087194
10.8	9.35307436087194
11	9.35307436087194
11.2	9.35307436087194
11.4	9.35307436087194
11.6	9.35307436087194
11.8	9.35307436087194
0.1	9.52627944162882
0.3	9.52627944162882
0.5	9.52627944162882
0.7	9.52627944162882
0.9	9.52627944162882
1.1	9.52627944162882
1.3	9.52627944162882
1.5	9.52627944162882
1.7	9.52627944162882
1.9	9.52627944162882
2.1	9.52627944162882
2.3	9.52627944162882
2.5	9.52627944162882
2.7	9.52627944162882
2.9	9.52627944162882
3.1	9.52627944162882
3.3	9.52627944162882
3.5	9.52627944162882
3.7	9.52627944162882
3.9	9.52627944162882
4.1	9.52627944162882
4.3	9.52627944162882
4.5	9.52627944162882
4.7	9.52627944162882
4.9	9.52627944162882
5.1	9.52627944162882
5.3	9.52627944162882
5.5	9.52627944162882
5.7	9.52627944162882
5.9	9.52627944162882
6.1	9.52627944162882
6.3	9.52627944162882
6.5	9.52627944162882
6.7	9.52627944162882
6.9	9.52627944162882
7.1	9.52627944162882
7.3	9.52627944162882
7.5	9.52627944162882
7.7	9.52627944162882
7.9	9.52627944162882
8.1	9.52627944162882
8.3	9.52627944162882
8.5	9.52627944162882
8.7	9.52627944162882
8.9	9.52627944162882
9.1	9.52627944162882
9.3	9.52627944162882
9.5	9.52627944162882
9.7	9.52627944162882
9.9	9.52627944162882
10.1	9.52627944162882
10.3	9.52627944162882
10.5	9.52627944162882
10.7	9.52627944162882
10.9	9.52627944162882
11.1	9.52627944162882
11.3	9.52627944162882
11.5	9.52627944162882
11.7	9.52627944162882
11.9	9.52627944162882
0	9.69948452238571
0.2	9.69948452238571
0.4	9.69948452238571
0.6	9.69948452238571
0.8	9.69948452238571
1	9.69948452238571
1.2	9.69948452238571
1.4	9.69948452238571
1.6	9.69948452238571
1.8	9.69948452238571
2	9.69948452238571
2.2	9.69948452238571
2.4	9.69948452238571
2.6	9.69948452238571
2.8	9.69948452238571
3	9.69948452238571
3.2	9.69948452238571
3.4	9.69948452238571
3.6	9.69948452238571
3.8	9.69948452238571
4	9.69948452238571
4.2	9.69948452238571
4.4	9.69948452238571
4.6	9.69948452238571
4.8	9.69948452238571
5	9.69948452238571
5.2	9.69948452238571
5.4	9.69948452238571
5.6	9.69948452238571
5.8	9.69948452238571
6	9.69948452238571
6.2	9.69948452238571
6.4	9.69948452238571
6.6	9.69948452238571
6.8	9.69948452238571
7	9.69948452238571
7.2	9.69948452238571
7.4	9.69948452238571
7.6	9.69948452238571
7.8	9.69948452238571
8	9.69948452238571
8.2	9.69948452238571
8.4	9.69948452238571
8.6	9.69948452238571
8.8	9.69948452238571
9	9.69948452238571
9.2	9.69948452238571
9.4	9.69948452238571
9.6	9.69948452238571
9.8	9.69948452238571
10	9.69948452238571
10.2	9.69948452238571
10.4	9.69948452238571
10.6	9.69948452238571
10.8	9.69948452238571
11	9.69948452238571
11.2	9.69948452238571
11.4	9.69948452238571
11.6	9.69948452238571
11.8	9.69948452238571
0.1	9.8726896031426
0.3	9.8726896031426
0.5	9.8726896031426
0.7	9.8726896031426
0.9	9.8726896031426
1.1	9.8726896031426
1.3	9.8726896031426
1.5	9.8726896031426
1.7	9.8726896031426
1.9	9.8726896031426
2.1	9.8726896031426
2.3	9.8726896031426
2.5	9.8726896031426
2.7	9.8726896031426
2.9	9.8726896031426
3.1	9.8726896031426
3.3	9.8726896031426
3.5	9.8726896031426
3.7	9.8726896031426
3.9	9.8726896031426
4.1	9.8726896031426
4.3	9.8726896031426
4.5	9.8726896031426
4.7	9.8726896031426
4.9	9.8726896031426
5.1	9.8726896031426
5.3	9.8726896031426
5.5	9.8726896031426
5.7	9.8726896031426
5.9	9.8726896031426
6.1	9.8726896031426
6.3	9.8726896031426
6.5	9.8726896031426
6.7	9.8726896031426
6.9	9.8726896031426
7.1	9.8726896031426
7.3	9.8726896031426
7.5	9.8726896031426
7.7	9.8726896031426
7.9	9.8726896031426
8.1	9.8726896031426
8.3	9.8726896031426
8.5	9.8726896031426
8.7	9.8726896031426
8.9	9.8726896031426
9.1	9.8726896031426
9.3	9.8726896031426
9.5	9.8726896031426
9.7	9.8726896031426
9.9	9.8726896031426
10.1	9.8726896031426
10.3	9.8726896031426
10.5	9.8726896031426
10.7	9.8726896031426
10.9	9.8726896031426
11.1	9.8726896031426
11.3	9.8726896031426
11.5	9.8726896031426
11.7	9.8726896031426
11.9	9.8726896031426
0	10.0458946838995
0.2	10.0458946838995
0.4	10.0458946838995
0.6	10.0458946838995
0.8	10.0458946838995
1	10.0458946838995
1.2	10.0458946838995
1.4	10.0458946838995
1.6	10.0458946838995
1.8	10.0458946838995
2	10.0458946838995
2.2	10.0458946838995
2.4	10.0458946838995
2.6	10.0458946838995
2.8	10.0458946838995
3	10.0458946838995
3.2	10.0458946838995
3.4	10.0458946838995
3.6	10.0458946838995
3.8	10.0458946838995
4	10.0458946838995
4.2	10.0458946838995
4.4	10.0458946838995
4.6	10.0458946838995
4.8	10.0458946838995
5	10.0458946838995
5.2	10.0458946838995
5.4	10.0458946838995
5.6	10.0458946838995
5.8	10.0458946838995
6	10.0458946838995
6.2	10.0458946838995
6.4	10.0458946838995
6.6	10.0458946838995
6.8	10.0458946838995
7	10.0458946838995
7.2	10.0458946838995
7.4	10.0458946838995
7.6	10.0458946838995
7.8	10.0458946838995
8	10.0458946838995
8.2	10.0458946838995
8.4	10.0458946838995
8.6	10.0458946838995
8.8	10.0458946838995
9	10.0458946838995
9.2	10.0458946838995
9.4	10.0458946838995
9.6	10.0458946838995
9.8	10.0458946838995
10	10.0458946838995
10.2	10.0458946838995
10.4	10.0458946838995
10.6	10.0458946838995
10.8	10.0458946838995
11	10.0458946838995
11.2	10.0458946838995
11.4	10.0458946838995
11.6	10.0458946838995
11.8	10.0458946838995
0.1	10.2190997646564
0.3	10.2190997646564
0.5	10.2190997646564
0.7	10.2190997646564
0.9	10.2190997646564
1.1	10.2190997646564
1.3	10.2190997646564
1.5	10.2190997646564
1.7	10.2190997646564
1.9	10.2190997646564
2.1	10.2190997646564
2.3	10.2190997646564
2.5	10.2190997646564
2.7	10.2190997646564
2.9	10.2190997646564
3.1	10.2190997646564
3.3	10.2190997646564
3.5	10.2190997646564
3.7	10.2190997646564
3.9	10.2190997646564
4.1	10.2190997646564
4.3	10.2190997646564
4.5	10.2190997646564
4.7	10.2190997646564
4.9	10.2190997646564
5.1	10.2190997646564
5.3	10.2190997646564
5.5	10.2190997646564
5.7	10.2190997646564
5.9	10.2190997646564
6.1	10.2190997646564
6.3	10.2190997646564
6.5	10.2190997646564
6.7	10.2190997646564
6.9	10.2190997646564
7.1	10.2190997646564
7.3	10.2190997646564
7.5	10.2190997646564
7.7	10.2190997646564
7.9	10.2190997646564
8.1	10.2190997646564
8.3	10.2190997646564
8.5	10.2190997646564
8.7	10.2190997646564
8.9	10.2190997646564
9.1	10.2190997646564
9.3	10.2190997646564
9.5	10.2190997646564
9.7	10.2190997646564
9.9	10.2190997646564
10.1	10.2190997646564
10.3	10.2190997646564
10.5	10.2190997646564
10.7	10.2190997646564
10.9	10.2190997646564
11.1	10.2190997646564
11.3	10.2190997646564
11.5	10.2190997646564
11.7	10.2190997646564
11.9	10.2190997646564
0	10.3923048454133
0.2	10.3923048454133
0.4	10.3923048454133
0.6	10.3923048454133
0.8	10.3923048454133
1	10.3923048454133
1.2	10.3923048454133
1.4	10.3923048454133
1.6	10.3923048454133
1.8	10.3923048454133
2	10.3923048454133
2.2	10.3923048454133
2.4	10.3923048454133
2.6	10.3923048454133
2.8	10.3923048454133
3	10.3923048454133
3.2	10.3923048454133
3.4	10.3923048454133
3.6	10.3923048454133
3.8	10.3923048454133
4	10.3923048454133
4.2	10.3923048454133
4.4	10.3923048454133
4.6	10.3923048454133
4.8	10.3923048454133
5	10.3923048454133
5.2	10.3923048454133
5.4	10.3923048454133
5.6	10.3923048454133
5.8	10.3923048454133
6	10.3923048454133
6.2	10.3923048454133
6.4	10.3923048454133
6.6	10.3923048454133
6.8	10.3923048454133
7	10.3923048454133
7.2	10.3923048454133
7.4	10.3923048454133
7.6	10.3923048454133
7.8	10.3923048454133
8	10.3923048454133
8.2	10.3923048454133
8.4	10.3923048454133
8.6	10.3923048454133
8.8	10.3923048454133
9	10.3923048454133
9.2	10.3923048454133
9.4	10.3923048454133
9.6	10.3923048454133
9.8	10.3923048454133
10	10.3923048454133
10.2	10.3923048454133
10.4	10.3923048454133
10.6	10.3923048454133
10.8	10.3923048454133
11	10.3923048454133
11.2	10.3923048454133
11.4	10.3923048454133
11.6	10.3923048454133
11.8	10.3923048454133
0.1	10.5655099261702
0.3	10.5655099261702
0.5	10.5655099261702
0.7	10.5655099261702
0.9	10.5655099261702
1.1	10.5655099261702
1.3	10.5655099261702
1.5	10.5655099261702
1.7	10.5655099261702
1.9	10.5655099261702
2.1	10.5655099261702
2.3	10.5655099261702
2.5	10.5655099261702
2.7	10.5655099261702
2.9	10.5655099261702
3.1	10.5655099261702
3.3	10.5655099261702
3.5	10.5655099261702
3.7	10.5655099261702
3.9	10.5655099261702
4.1	10.5655099261702
4.3	10.5655099261702
4.5	10.5655099261702
4.7	10.5655099261702
4.9	10.5655099261702
5.1	10.5655099261702
5.3	10.5655099261702
5.5	10.5655099261702
5.7	10.5655099261702
5.9	10.5655099261702
6.1	10.5655099261702
6.3	10.5655099261702
6.5	10.5655099261702
6.7	10.5655099261702
6.9	10.5655099261702
7.1	10.5655099261702
7.3	10.5655099261702
7.5	10.5655099261702
7.7	10.5655099261702
7.9	10.5655099261702
8.1	10.5655099261702
8.3	10.5655099261702
8.5	10.5655099261702
8.7	10.5655099261702
8.9	10.5655099261702
9.1	10.5655099261702
9.3	10.5655099261702
9.5	10.5655099261702
9.7	10.5655099261702
9.9	10.5655099261702
10.1	10.5655099261702
10.3	10.5655099261702
10.5	10.5655099261702
10.7	10.5655099261702
10.9	10.5655099261702
11.1	10.5655099261702
11.3	10.5655099261702
11.5	10.5655099261702
11.7	10.5655099261702
11.9	10.5655099261702
0	10.738715006927
0.2	10.738715006927
0.4	10.738715006927
0.6	10.738715006927
0.8	10.738715006927
1	10.738715006927
1.2	10.738715006927
1.4	10.738715006927
1.6	10.738715006927
1.8	10.738715006927
2	10.738715006927
2.2	10.738715006927
2.4	10.738715006927
2.6	10.738715006927
2.8	10.738715006927
3	10.738715006927
3.2	10.738715006927
3.4	10.738715006927
3.6	10.738715006927
3.8	10.738715006927
4	10.738715006927
4.2	10.738715006927
4.4	10.738715006927
4.6	10.738715006927
4.8	10.738715006927
5	10.738715006927
5.2	10.738715006927
5.4	10.738715006927
5.6	10.738715006927
5.8	10.738715006927
6	10.738715006927
6.2	10.738715006927
6.4	10.738715006927
6.6	10.738715006927
6.8	10.738715006927
7	10.738715006927
7.2	10.738715006927
7.4	10.738715006927
7.6	10.738715006927
7.8	10.738715006927
8	10.738715006927
8.2	10.738715006927
8.4	10.738715006927
8.6	10.738715006927
8.8	10.738715006927
9	10.738715006927
9.2	10.738715006927
9.4	10.738715006927
9.6	10.738715006927
9.8	10.738715006927
10	10.738715006927
10.2	10.738715006927
10.4	10.738715006927
10.6	10.738715006927
10.8	10.738715006927
11	10.738715006927
11.2	10.738715006927
11.4	10.738715006927
11.6	10.738715006927
11.8	10.738715006927
0.1	10.9119200876839
0.3	10.9119200876839
0.5	10.9119200876839
0.7	10.9119200876839
0.9	10.9119200876839
1.1	10.9119200876839
1.3	10.9119200876839
1.5	10.9119200876839
1.7	10.9119200876839
1.9	10.9119200876839
2.1	10.9119200876839
2.3	10.9119200876839
2.5	10.9119200876839
2.7	10.9119200876839
2.9	10.9119200876839
3.1	10.9119200876839
3.3	10.9119200876839
3.5	10.9119200876839
3.7	10.9119200876839
3.9	10.9119200876839
4.1	10.9119200876839
4.3	10.9119200876839
4.5	10.9119200876839
4.7	10.9119200876839
4.9	10.9119200876839
5.1	10.9119200876839
5.3	10.9119200876839
5.5	10.9119200876839
5.7	10.9119200876839
5.9	10.9119200876839
6.1	10.9119200876839
6.3	10.9119200876839
6.5	10.9119200876839
6.7	10.9119200876839
6.9	10.9119200876839
7.1	10.9119200876839
7.3	10.9119200876839
7.5	10.9119200876839
7.7	10.9119200876839
7.9	10.9119200876839
8.1	10.9119200876839
8.3	10.9119200876839
8.5	10.9119200876839
8.7	10.9119200876839
8.9	10.9119200876839
9.1	10.9119200876839
9.3	10.9119200876839
9.5	10.9119200876839
9.7	10.9119200876839
9.9	10.9119200876839
10.1	10.9119200876839
10.3	10.9119200876839
10.5	10.9119200876839
10.7	10.9119200876839
10.9	10.9119200876839
11.1	10.9119200876839
11.3	10.9119200876839
11.5	10.9119200876839
11.7	10.9119200876839
11.9	10.9119200876839
0	11.0851251684408
0.2	11.0851251684408
0.4	11.0851251684408
0.6	11.0851251684408
0.8	11.0851251684408
1	11.0851251684408
1.2	11.0851251684408
1.4	11.0851251684408
1.6	11.0851251684408
1.8	11.0851251684408
2	11.0851251684408
2.2	11.0851251684408
2.4	11.0851251684408
2.6	11.0851251684408
2.8	11.0851251684408
3	11.0851251684408
3.2	11.0851251684408
3.4	11.0851251684408
3.6	11.0851251684408
3.8	11.0851251684408
4	11.0851251684408
4.2	11.0851251684408
4.4	11.0851251684408
4.6	11.0851251684408
4.8	11.0851251684408
5	11.0851251684408
5.2	11.0851251684408
5.4	11.0851251684408
5.6	11.0851251684408
5.8	11.0851251684408
6	11.0851251684408
6.2	11.0851251684408
6.4	11.0851251684408
6.6	11.0851251684408
6.8	11.0851251684408
7	11.0851251684408
7.2	11.0851251684408
7.4	11.0851251684408
7.6	11.0851251684408
7.8	11.0851251684408
8	11.0851251684408
8.2	11.0851251684408
8.4	11.0851251684408
8.6	11.0851251684408
8.8	11.0851251684408
9	11.0851251684408
9.2	11.0851251684408
9.4	11.0851251684408
9.6	11.0851251684408
9.8	11.0851251684408
10	11.0851251684408
10.2	11.0851251684408
10.4	11.0851251684408
10.6	11.0851251684408
10.8	11.0851251684408
11	11.0851251684408
11.2	11.0851251684408
11.4	11.0851251684408
11.6	11.0851251684408
11.8	11.0851251684408
0.1	11.2583302491977
0.3	11.2583302491977
0.5	11.2583302491977
0.7	11.2583302491977
0.9	11.2583302491977
1.1	11.2583302491977
1.3	11.2583302491977
1.5	11.2583302491977
1.7	11.2583302491977
1.9	11.2583302491977
2.1	11.2583302491977
2.3	11.2583302491977
2.5	11.2583302491977
2.7	11.2583302491977
2.9	11.2583302491977
3.1	11.2583302491977
3.3	11.2583302491977
3.5	11.2583302491977
3.7	11.2583302491977
3.9	11.2583302491977
4.1	11.2583302491977
4.3	11.2583302491977
4.5	11.2583302491977
4.7	11.2583302491977
4.9	11.2583302491977
5.1	11.2583302491977
5.3	11.2583302491977
5.5	11.2583302491977
5.7	11.2583302491977
5.9	11.2583302491977
6.1	11.2583302491977
6.3	11.2583302491977
6.5	11.2583302491977
6.7	11.2583302491977
6.9	11.2583302491977
7.1	11.2583302491977
7.3	11.2583302491977
7.5	11.2583302491977
7.7	11.2583302491977
7.9	11.2583302491977
8.1	11.2583302491977
8.3	11.2583302491977
8.5	11.2583302491977
8.7	11.2583302491977
8.9	11.2583302491977
9.1	11.2583302491977
9.3	11.2583302491977
9.5	11.2583302491977
9.7	11.2583302491977
9.9	11.2583302491977
10.1	11.2583302491977
10.3	11.2583302491977
10.5	11.2583302491977
10.7	11.2583302491977
10.9	11.2583302491977
11.1	11.2583302491977
11.3	11.2583302491977
11.5	11.2583302491977
11.7	11.2583302491977
11.9	11.2583302491977
0	11.4315353299546
0.2	11.4315353299546
0.4	11.4315353299546
0.6	11.4315353299546
0.8	11.4315353299546
1	11.4315353299546
1.2	11.4315353299546
1.4	11.4315353299546
1.6	11.4315353299546
1.8	11.4315353299546
2	11.4315353299546
2.2	11.4315353299546
2.4	11.4315353299546
2.6	11.4315353299546
2.8	11.4315353299546
3	11.4315353299546
3.2	11.4315353299546
3.4	11.4315353299546
3.6	11.4315353299546
3.8	11.4315353299546
4	11.4315353299546
4.2	11.4315353299546
4.4	11.4315353299546
4.6	11.4315353299546
4.8	11.4315353299546
5	11.4315353299546
5.2	11.4315353299546
5.4	11.4315353299546
5.6	11.4315353299546
5.8	11.4315353299546
6	11.4315353299546
6.2	11.4315353299546
6.4	11.4315353299546
6.6	11.4315353299546
6.8	11.4315353299546
7	11.4315353299546
7.2	11.4315353299546
7.4	11.4315353299546
7.6	11.4315353299546
7.8	11.4315353299546
8	11.4315353299546
8.2	11.4315353299546
8.4	11.4315353299546
8.6	11.4315353299546
8.8	11.4315353299546
9	11.4315353299546
9.2	11.4315353299546
9.4	11.4315353299546
9.6	11.4315353299546
9.8	11.4315353299546
10	11.4315353299546
10.2	11.4315353299546
10.4	11.4315353299546
10.6	11.4315353299546
10.8	11.4315353299546
11	11.4315353299546
11.2	11.4315353299546
11.4	11.4315353299546
11.6	11.4315353299546
11.8	11.4315353299546
0.1	11.6047404107115
0.3	11.6047404107115
0.5	11.6047404107115
0.7	11.6047404107115
0.9	11.6047404107115
1.1	11.6047404107115
1.3	11.6047404107115
1.5	11.6047404107115
1.7	11.6047404107115
1.9	11.6047404107115
2.1	11.6047404107115
2.3	11.6047404107115
2.5	11.6047404107115
2.7	11.6047404107115
2.9	11.6047404107115
3.1	11.6047404107115
3.3	11.6047404107115
3.5	11.6047404107115
3.7	11.6047404107115
3.9	11.6047404107115
4.1	11.6047404107115
4.3	11.6047404107115
4.5	11.6047404107115
4.7	11.6047404107115
4.9	11.6047404107115
5.1	11.6047404107115
5.3	11.6047404107115
5.5	11.6047404107115
5.7	11.6047404107115
5.9	11.6047404107115
6.1	11.6047404107115
6.3	11.6047404107115
6.5	11.6047404107115
6.7	11.6047404107115
6.9	11.6047404107115
7.1	11.6047404107115
7.3	11.6047404107115
7.5	11.6047404107115
7.7	11.6047404107115
7.9	11.6047404107115
8.1	11.6047404107115
8.3	11.6047404107115
8.5	11.6047404107115
8.7	11.6047404107115
8.9	11.6047404107115
9.1	11.6047404107115
9.3	11.6047404107115
9.5	11.6047404107115
9.7	11.6047404107115
9.9	11.6047404107115
10.1	11.6047404107115
10.3	11.6047404107115
10.5	11.6047404107115
10.7	11.6047404107115
10.9	11.6047404107115
11.1	11.6047404107115
11.3	11.6047404107115
11.5	11.6047404107115
11.7	11.6047404107115
11.9	11.6047404107115
0	11.7779454914684
0.2	11.7779454914684
0.4	11.7779454914684
0.6	11.7779454914684
0.8	11.7779454914684
1	11.7779454914684
1.2	11.7779454914684
1.4	11.7779454914684
1.6	11.7779454914684
1.8	11.7779454914684
2	11.7779454914684
2.2	11.7779454914684
2.4	11.7779454914684
2.6	11.7779454914684
2.8	11.7779454914684
3	11.7779454914684
3.2	11.7779454914684
3.4	11.7779454914684
3.6	11.7779454914684
3.8	11.7779454914684
4	11.7779454914684
4.2	11.7779454914684
4.4	11.7779454914684
4.6	11.7779454914684
4.8	11.7779454914684
5	11.7779454914684
5.2	11.7779454914684
5.4	11.7779454914684
5.6	11.7779454914684
5.8	11.7779454914684
6	11.7779454914684
6.2	11.7779454914684
6.4	11.7779454914684
6.6	11.7779454914684
6.8	11.7779454914684
7	11.7779454914684
7.2	11.7779454914684
7.4	11.7779454914684
7.6	11.7779454914684
7.8	11.7779454914684
8	11.7779454914684
8.2	11.7779454914684
8.4	11.7779454914684
8.6	11.7779454914684
8.8	11.7779454914684
9	11.7779454914684
9.2	11.7779454914684
9.4	11.7779454914684
9.6	11.7779454914684
9.8	11.7779454914684
10	11.7779454914684
10.2	11.7779454914684
10.4	11.7779454914684
10.6	11.7779454914684
10.8	11.7779454914684
11	11.7779454914684
11.2	11.7779454914684
11.4	11.7779454914684
11.6	11.7779454914684
11.8	11.7779454914684
