4.40270148366806	8.25512452834345
5.76342332944377	11.0155879706338
9.86680309768075	1.50256324516547
1.34992783840234	10.0750928024511
0.667665122979884	9.74240270285755
5.74965000891113	1.07574981011569
6.50250333861474	4.32174260166284
10.7120075489715	2.62465958216955
4.88208893758392	3.79769195712111
6.06193578868564	7.24047582422906
5.08107274440271	2.57808280982785
3.15623730985574	3.38441151450387
7.48832728764128	3.62526398179882
2.89476432835785	4.55112908478046
2.67880505159686	5.37596666335958
3.98890058398167	6.81612886836296
5.17346164197391	2.97276885634552
4.90606893814584	11.8263633139811
8.6907768931744	10.0925848588308
6.45150848244558	0.43248261188095
6.8720393621582	4.41073813628725
2.30454227253157	3.55268850769901
6.98377861436986	10.3568132591823
8.93836273996303	5.2967031037665
6.55731178943143	11.0046238566868
1.69446507135718	2.5089084983691
11.511489642295	2.66455073847624
5.04045052951019	6.57995243640124
4.15066528219473	3.24205025649113
5.44969863907061	6.60003561206577
3.72284265937418	11.1577524814686
8.30481321662466	6.67211502659373
3.62216036255298	7.35903300769723
9.966185378608	8.85561038800325
11.3639257476626	4.60875595832025
5.61302327515067	11.5858969512557
11.7368632163671	8.04265165424571
3.09951292773474	6.45351150284246
2.76121213434573	2.66654638453126
4.49403268342442	9.72205033505094
0.809961869954832	11.5784669961832
0.862982605642457	6.50168133800756
11.7487786361108	2.99923129349804
6.76479037018119	6.63089976832275
1.46775265627626	0.757196465111187
9.3320017699655	7.72627979295793
10.5022128111796	0.831062516204789
11.7990834039189	11.6487965106976
3.95454943663816	2.96550465327883
5.55571254370376	8.56326108846163
5.88088687205783	4.54442927440052
7.96937701892585	1.75276382174164
10.5527121984854	8.78095805153105
10.0130256753804	0.327365229700347
5.91117122145686	3.31916674014645
1.85368972408104	11.1245134018163
0.619697647645712	8.64323865570167
10.907903684309	9.48738166743647
0.461450014775485	5.93203557779068
3.49075338690762	3.95260535547387
0.306099197943302	11.8837008843852
3.03206898233417	11.2691022796752
7.53504646073544	7.96810992665658
1.09797311561392	1.40049203947288
6.08208833968651	10.7416544575596
3.52123145331497	0.111594520919361
10.4191370484323	7.10156934309525
1.42954737421228	11.549655132304
5.1588754664131	8.96622612494832
1.54340981980387	8.43825755656704
10.1109397118668	7.62195815267011
2.82580877700242	3.96970700249926
10.5031867617473	8.4483607246598
3.87393979537065	7.71634540565242
10.2089541132768	8.82041503855977
0.402104594069565	2.15155140161483
9.8498216047919	2.72327849446773
8.55562784539552	11.2552681718597
8.41106866428252	11.8014715368846
6.99985075896608	7.13466387067333
2.22150602392445	3.79263780245771
9.43466067112249	5.84526625461796
7.93119846719787	6.97822242343754
3.67873889652597	1.88401384465174
8.89463252924524	3.32731993232657
10.0604335863715	8.16076140001576
4.17110161896705	4.42793730462247
10.6503545148976	1.4661491313697
2.95510164849511	5.42048081953005
0.5616607203787	6.53465603852053
11.0421062576929	4.11753533990088
0.81191879917084	3.96058494719323
3.77703722361266	6.64806465104633
8.12932919781406	10.434428363363
1.96085006784706	2.60831379279478
11.8087697257001	5.28517282934386
1.6194108810682	1.600678126551
4.33658382457741	2.14843826815979
0.694802071461072	10.2227401874385
7.60165220557201	4.92536648223326
0.950225670532701	9.22329013138341
9.68640400800932	4.12031572105321
4.81306213179025	0.59793479149821
1.68146974927587	11.7918373805533
2.35022491336781	11.1907313794172
7.67549601262961	4.72354082825842
5.38323191105479	9.70725590661013
4.80893373164813	3.31753258488282
1.46105741336838	11.7772610723919
0.192413216770116	4.38354015737216
11.5496492127392	3.59638234950087
1.01125663872427	11.3482110177189
10.482344020651	9.04775134184274
5.6825928987268	5.85533075312382
8.60872604345753	9.14930575218371
9.77422320153076	1.79277177981137
3.68477360071049	5.18732996884355
8.05950356496091	9.3064780370847
3.47817472891127	7.97391155279708
9.24876748434021	1.31335045702435
3.6422004629368	9.34256064278221
2.36545653036144	9.73668417483672
8.99945250250933	11.800408253821
4.3376977442978	3.55709219145648
10.7543774037974	8.57757683482595
5.23927584345175	10.626240373879
11.0981875681971	10.2863640168591
11.7417707043172	0.695250230880816
1.77426253360193	8.36735852481247
11.108093929618	8.16193265317973
8.0712049934016	4.23020137977057
2.96650713890746	7.50685900463193
6.77700566592733	5.060168042076
2.53563673842219	5.67315882294462
9.24206924764812	2.20359251364769
3.40771709357963	8.66314739921025
5.72715896358023	10.6451694583087
10.4019548547849	6.81541535387791
7.10617736657415	4.78071906763295
8.35149956683591	8.25934369347708
4.91172539726078	7.43016699946928
4.46835748563934	5.98025454222423
4.52003890073225	0.212814343350731
6.76917381531105	4.62604806264442
8.54466983965216	3.25103482747958
3.89095529134721	3.50692505196874
7.21632745986911	2.48049297923235
10.954795475832	1.76249163947195
0.328614983086083	5.06005704525761
9.67752824726868	8.71262695761105
7.0293102244479	8.15528043276709
0.397287287702979	7.81047852702966
9.10551089409458	7.71856150286494
4.02043500464014	0.61923002822215
4.83864574169628	4.96673650579953
8.83063434618357	1.94552659581522
11.2420447939327	5.66774087888159
2.56966206317373	4.26775372035688
5.2109724902641	4.32554658139486
9.92989518894857	7.08523317833397
4.6899341132085	2.20502262726567
4.40025393729874	5.64727919028668
4.93025441982339	7.70478847618272
2.84434754156072	2.15083946479231
3.57817305941657	7.09278688001865
7.54424492198208	11.8477823625627
6.84449555256709	8.85455293163466
0.689608969190292	9.47839507800704
6.31640949332272	9.20962115778915
9.67351509006075	5.1372433152346
5.917098306155	8.84390849634603
3.32914608566337	10.0301908250559
7.43276939506453	4.73932090549853
3.04492620233877	4.3802229243724
3.64229450534336	10.2466047291373
4.44581054539924	7.98604523514416
9.97192433503542	3.50149559848798
9.24551951352991	10.0371651462127
2.37937634405635	10.5059635141991
0.213238459459983	2.97659430489673
10.7897317120106	0.3118748750775
9.2733028232692	2.6378949877116
3.3003698103721	3.07308468665209
1.513246753033	10.6758481747591
10.911505164638	11.8685974655293
3.18979157282761	5.16257656361769
6.33550417632496	8.0934732179574
0.400834154266584	9.32440974589945
8.90757225816966	4.13987943003475
2.25016728547244	2.66470227598496
8.91421981613245	8.76508353865198
8.22706794962886	11.1759798478186
8.28979099241719	8.81735009378684
3.50010378979831	9.89845897907054
5.67540718004059	2.69152114549721
7.23703849675354	8.68520579176924
3.333747087944	5.31644046829774
2.34264917011373	4.53271985144041
7.33202881234965	2.0579376860281
10.355808195832	3.56363920322017
4.29280321973501	7.1884666401642
4.43041414799077	8.84956042786663
8.1051798369513	9.80672833702369
0.587394560691118	11.7619920338144
7.2313150702809	10.7625103265418
8.58609388412524	6.84678644973098
3.92307707632532	0.155201689686665
1.31055240775083	9.31677793716187
1.64981969903477	7.53237942213139
0.834009974664325	10.062133132279
5.44004721868612	1.55559141581537
10.6906492451757	9.59991107726542
11.1724645940705	9.74116323853568
0.428328907276978	2.80080159164121
10.5506740630159	10.1168730258248
3.35425562142695	11.344146491136
11.2683967555119	11.8212599202817
9.63071694366103	5.5765491734817
8.61994593852275	11.6233340646798
1.97085633846034	10.6366468620676
2.85846580798168	9.54437352259914
5.8016120279249	7.49957554946926
7.07494799896376	2.0235064057874
0.793147341000709	5.1793576990268
11.2959056974775	3.50593840343216
5.22904335988474	5.15504433278876
0.889269027382109	3.25467235709727
11.3145261922328	2.92011372507099
0.142366873485252	9.62239232711527
11.6477879737421	4.62789918365837
11.8042719679589	9.16846700011221
2.04899551790045	10.9445422071861
4.12112125753417	9.62663746532835
2.16230697228798	4.04238503704666
1.77236444546056	4.80951907893382
6.1926691083075	7.07990708845419
1.24713139020159	4.83092557287905
9.99395351743948	5.89322149714158
5.15458175127963	4.94246217095422
0.64419867597146	6.9344493636198
0.969262217473407	8.68392433102435
4.45160927130073	10.3803270254695
5.30812475260231	3.52600073900037
5.5087738629736	6.04844158219385
4.85095927842618	4.491830848142
7.80610543189697	2.13715113164235
3.61119631337509	11.3415382765589
1.89135161120623	0.881693636443257
2.56673550025316	11.5138914252562
0.592833507847763	1.27039756174384
7.25099999116924	3.36545444679344
11.7098877055252	6.49478866805502
2.4606605778501	4.81394939163616
1.90615844921729	9.81841655931117
3.32642476904316	4.33248950043728
3.99401308398394	10.5911237784197
9.22486351879298	6.14799459304292
6.61873795506887	7.48984978500751
8.08894607726052	5.90760590697938
2.09674192482102	1.91665724662585
4.06279524051844	0.998224558392694
9.51790401247742	3.04624519378974
5.59642660208134	7.51042368642969
10.5251675353761	3.25332963054248
3.31685779734945	8.88428297490219
3.63353158468283	8.36381265699475
10.4613089938127	3.94419948720582
11.4155910335926	6.17978376058257
6.29705958876011	3.5092363542406
10.0098974159373	4.31287504210491
11.2321761995554	0.213593159781408
1.02330698400028	6.15916678146925
10.0758058055898	1.58838451730572
9.7449472846833	3.29968668981477
8.48535531780175	4.68892881423714
0.548817809920892	7.26557550380423
1.18583639204708	3.84574525934496
2.93319020788071	0.381994401747201
6.82699880621823	11.2669118695978
1.81800667049695	3.13327782210918
10.8316574794127	6.9535895783149
1.89255836512443	9.16457245672505
10.4264780046719	9.58949110817647
1.24906194430026	8.39162590112567
5.51913117633207	0.593428336706031
11.6654845852245	6.28804771614852
11.3176301263355	2.47125707316943
9.54538383265497	11.7397514657353
1.14492998954656	1.74126888064964
3.3617164544881	9.088448005475
3.99608040854141	6.00474862773452
2.74579919801208	6.37779331864884
4.85003301574769	9.18196135788542
6.01145634418212	5.24913241179149
2.9051392851299	8.12747619085218
4.07161484910163	3.76122083665687
11.7580472775354	8.74118911036677
0.910235692284949	4.3504400653963
1.15763266162477	9.97394040733066
8.01568365309583	0.257125643801205
7.73946031025291	6.71550579005996
4.73553129778868	4.76455524186053
11.3218980698976	10.7372400325045
11.5143716861658	9.34607597637134
7.41896305191465	5.48523523763557
6.07233132638591	10.4758524200254
3.95038990411006	4.77936081131417
11.5186557259599	8.19199851924889
10.8011424513479	10.3196146914451
10.7317932697846	0.820654376919583
4.87186128920864	2.64123813465691
0.139612602005606	6.42467192574302
5.02798091571759	8.13563750947749
2.64581023544981	2.41278335366678
2.54538054963691	8.98398492252963
5.27265534668671	1.03732122229963
1.22014330926194	3.58318654912498
11.0436328950661	10.0034711770462
5.69103044591812	6.34554705623456
9.42644325325698	0.165530323274194
9.73670063343017	3.69567434590973
6.98479964650275	5.51725101183616
0.290481357157492	8.97026845966017
4.31184701101435	1.16072396426169
4.27259872350895	4.94370194153606
10.5847117454379	6.31464920700913
10.5119475496697	4.52954552228577
3.69374914070212	1.35673568753135
1.20720178332232	2.18087831068323
11.4099733327936	10.5036430311237
4.63510250532037	7.02781128763311
11.3553832295126	10.2068204175209
6.71607735925807	6.26867427093346
1.735188843006	10.589335553981
11.1393839358941	4.89995723328317
11.0636485399585	3.28193119883276
8.08237970377274	6.47360322550109
11.344127788068	11.3058514158662
2.80527758343489	7.0225113724613
7.68110321683666	5.59300261296197
4.49399923795158	9.98098701487224
0.706192684472208	5.9545615668089
2.35891505929058	6.46187458098754
3.63158710913551	10.9163663025804
9.61849250302802	4.69488514215226
11.5860689066916	2.23921935024698
4.9786394107376	1.04263834773949
9.93360888260652	9.55270912004803
0.64340287059291	6.21062609594187
9.55749558438304	0.376855545277853
3.14594240163713	11.104324595795
8.35266148895046	8.61268402046753
4.13105320653477	5.37198686382277
9.43690171175536	4.37753409418808
6.33627430905185	9.99115447036789
6.8296187535174	6.90488231557339
3.61842395041373	0.956107984724814
3.2432814975748	1.94843724113622
8.67068557496022	5.06134209684009
8.51470040339871	4.16493989648359
0.566913473992643	2.5273044754808
3.36098745287499	6.12115701046096
4.84330956566727	10.3177345831449
5.91623883105025	7.94824301892445
5.61022425104908	10.2009556679589
5.66951701417713	9.77510144314221
2.03798095322051	11.3958828457246
8.31187522661458	11.3855238382691
3.13193633006464	7.03804530353814
7.52762562532167	5.28177163412107
10.694793579046	11.4647454224191
2.02853590741838	0.305998220318763
0.213838222913935	0.231651943176737
5.24556690679203	11.3832165238082
7.48349873820088	9.70850972862548
4.41309500337797	3.82675015658077
6.54011932427205	6.09714916052017
2.88380131795474	1.84874782904442
6.54506489462293	7.78255929678584
5.64498382540729	0.160164453427665
3.57609268604217	2.12293949986313
8.80274500153539	5.87378174090364
3.98365104662689	2.46106788663894
9.40523171578909	10.7828303081444
7.44606305789904	6.26545558721879
5.71916873026145	3.7164808082069
9.87212706668219	5.22410173189611
9.41709615176748	9.21045595811024
8.5987746444132	7.81680916505308
10.6536447690884	7.57913618284302
8.73506424414386	5.33973831290252
8.50995364537664	1.65924429796943
7.28526991729695	10.4191803725209
0.189715596617762	7.58623842879455
7.94658894024854	8.3816521381554
3.39039656474418	10.9721528935534
2.11954404576296	0.766052122165168
10.4374935499712	10.723585904915
8.29626656488819	0.915275332068643
6.12758425246538	7.49596790887475
9.64149131839305	7.91910651082842
10.763032687604	2.00743084959142
7.63101208355136	6.90659462735338
11.8428419946659	7.17935731873016
4.96054884683514	1.7498961116596
11.2947483036402	7.79013900651478
1.53894403414182	8.71723840491883
7.66493723499716	6.43674998632934
11.7628640276251	7.50873719709208
2.9347021246451	3.40278194205254
2.21873158777213	1.31903579277847
1.06053388881737	11.0585454182546
10.786997807705	8.24684002256652
6.50976576239836	2.04526289015349
5.2742349926636	7.85362899360768
5.12788494586006	7.54689823603519
10.3268881313608	2.8458488640331
4.11680946594289	6.5469564128811
2.63510474759778	7.41290700898951
10.5619585671965	0.333021746915007
7.75329204015309	4.42586078237446
5.52198868816368	10.7870697430689
8.82327353633669	2.54676042353774
3.26060168789228	0.990478599104136
8.18009191455875	5.69486579408792
4.18492447950867	8.69405776674545
11.0305434573611	0.619787280408944
6.97405259076208	11.6677482007469
2.00424592147367	7.65817875093495
11.6695453431716	10.7190596304942
7.37202755140304	0.967375037246163
0.312637438745679	10.0102152721292
2.54115798188932	3.61123082251456
3.91658931309157	5.53009229235519
9.30778841029315	6.61876697065539
1.31666190125731	7.50012428839948
11.0087233142476	0.205839710648872
4.92909199021553	1.40456905228311
7.91722973657271	3.95147727633266
5.10149503596037	5.49910962871509
5.30227117291506	5.58062606220059
1.11620979114269	7.1461349531741
1.82824170626778	2.04319174811859
1.19012077842474	10.2796776918139
5.14483899659219	3.22990365780027
1.1977803959314	9.75563143922885
4.60420548433171	8.66704071918625
5.14062888271716	0.741240771968976
8.96862850733735	5.53455644424231
6.85820982875986	9.18906779136115
11.2219856389938	8.9214281095993
8.51769833595608	3.86389244495341
3.72505369252854	8.12338181091389
6.0606017009706	0.41704108212843
1.50998720870029	11.2840742779565
10.1562458373895	2.14980824179431
9.92003271286803	11.0282773687833
9.71565330936812	6.17119080584716
1.63642929928678	1.23779791990876
10.4870364449147	2.25369050669832
6.08059757335352	0.819511898568935
11.5706977403033	9.92601959702264
5.68271024273951	1.68768900425904
9.27117825798945	11.7534732728195
6.22100921804242	10.1625935194688
9.60151037014913	11.2726103983192
8.96739610332095	3.88098761286514
6.21109666428485	6.07494081881678
0.194752927410098	3.44891716377025
8.87656474095495	11.2388813724767
6.61764801675678	10.135256932354
11.5028974858573	8.4067052678112
2.8595692040495	3.63515606724366
7.43606412533749	2.75407599882698
3.81564496906194	9.86132824868409
8.35034542974494	2.97285348357405
3.42844109163114	4.95996347532914
4.53966825912451	7.54615618704481
6.49516927829637	10.3233189295969
3.88539743276961	1.93914911013126
1.59234124697504	7.8765889932764
8.89206511361773	7.1979834095112
7.87509191365981	11.1008659787771
8.92626555251583	9.4813192521205
3.80184876349461	8.83285656185179
7.22200405467364	4.60370056080201
4.76756003824976	8.47041696164089
1.25108961854256	0.923714033919193
10.2472177112198	6.02461606108776
4.69948286643401	2.77058029860332
5.78073706601716	6.53352898159624
10.5592098763116	11.1630260056069
3.81677712126227	4.61691642634594
7.43888216286437	11.6713802617056
5.97228108786002	3.02628557710991
9.74603196598915	8.14584067094873
7.41156619226502	6.77281024867312
1.64194932126565	9.99763576518603
1.13812482451138	5.31199038323322
0.453911763902676	4.22563691017647
3.42428658171545	8.44213495975614
7.1449383485326	11.4496353695617
0.644497130748578	8.88312845536457
9.8381330136139	3.91495224336989
10.4133882900163	6.52882306273702
4.46752761572358	5.04284490974656
11.5243282062531	4.43860320097013
4.31847809972094	1.46585848104433
9.96618784759263	11.7373579730953
3.56847291783911	9.64818058992205
8.23013904476224	10.0662962675897
8.76147538226236	3.92035597010223
10.3416466127203	9.21892474348004
4.40877939116233	7.02026012228544
10.2863767178494	5.05329769943073
1.23345895852456	4.23554507343713
1.98544438643483	1.14169913920148
6.36805743339102	6.77218150734401
8.75962628421981	10.6653915370363
6.88608721456326	1.75911145950709
6.36672326609741	1.42251062978783
0.682279356367286	3.17172626931592
9.90678099709499	7.33040083776595
2.00373086454839	4.75641214695314
6.08676199090327	9.70779113302747
7.39191791719802	10.2490857812684
6.538016540789	3.06457279048749
7.50709534859181	10.7923846345953
10.5609646000015	11.6323868201284
3.67825825606533	11.8884946326323
5.16777052031764	7.33813917399222
1.75639466583204	1.80971605625104
2.47573226845017	2.72994371922675
9.9818753335651	3.14145706435487
8.03263712806552	3.18968074270725
10.1836418185288	1.28653450662232
5.44088880017899	0.165598155405429
3.75855159781867	4.05604993400857
4.50670540189002	0.655334093551236
6.92669641271789	9.517260269841
9.20402869273907	8.88413459674989
10.8133136900345	5.75712156199627
1.68093836727669	4.31248723555092
1.89743042998321	10.1926162079732
1.85218342163029	0.110568782160476
0.927582552457989	7.43398269137964
3.09981677957594	3.97850454315899
4.62966463734544	7.89676345699166
0.896479172413391	2.54303089089759
8.21031910626766	7.07001570481427
6.93808610300046	10.8574253362588
6.89073923471281	2.8608657583719
1.80323216241817	6.28728844866255
7.27814167467254	9.39981880413789
2.45850923516133	1.25978960568486
5.34945742117558	10.003306430715
2.42541782931034	9.92844105929084
11.6893470536259	6.92398795022843
1.10414662848693	6.54568243393958
5.40796776963903	10.2393232604273
9.52356865995377	3.51591753560442
5.69830479288204	5.27762982563833
7.10063169463729	8.95515367952891
7.88272760409128	4.87973423889108
4.35646210144663	6.77359108009418
1.90789343858447	8.53924920852503
1.27227110696202	2.53374794709273
11.0321086452558	8.77142036021058
6.91275450935644	4.14642909841603
2.95075339679192	6.17124323658892
9.09176787467512	3.08840674393059
10.6776027880157	5.28786571436032
2.31251472033248	0.67638243628331
0.351161144229554	1.48370142271589
0.924081172950485	2.23390355830542
10.7792175547467	4.44124722664638
8.73717156316474	0.853390993961946
2.40752449018917	2.28716594631564
5.80572548495897	9.48973551876368
3.5545823902281	0.71325895461222
4.63475505596849	6.65861206031422
2.43010287625479	3.88224588079882
5.7495129991378	11.8707218714143
11.3694741511277	8.59129715834539
0.167717094225582	10.4846773136263
4.54730209725855	1.24732311859265
7.72909009743298	7.73887255223688
3.60972423173775	3.13210881305866
7.77707976441892	3.43611127382463
8.55100873468202	9.84018437420736
8.22939518547525	1.93184937929578
9.87225703677391	6.73526273327756
6.21612439677416	9.51261846130212
6.24268037960209	11.1803515573735
4.34559765222571	3.1206220277496
3.08389630856102	10.2516679660291
7.88930517641327	10.8384173957406
7.46940441086872	1.7246555554213
2.7531138027406	7.78588065166172
3.0428863455517	4.98343268936354
2.41968947125147	6.82960947930829
3.35298379239212	1.41366206632117
9.36719313930672	0.708755745455268
2.81884252961725	11.0708781380569
11.5785280791564	5.23578468543984
8.08050096809099	6.68728429378131
4.11623578845362	8.16912708123624
10.7158273198612	10.8440987142096
6.67669689677307	8.22662679876177
1.64505976908119	9.24289467766556
5.56785146872277	2.02738238169235
10.5729996842027	4.2860851082969
3.52211414857388	1.20175481626635
3.99456015968526	11.4544320384366
7.68023727725985	1.80028436078854
6.68298133308002	5.70187208281011
10.7282908969648	9.22662539421805
3.56193319069229	9.09209630301686
2.6783724237718	5.81617787263249
1.1807993776236	8.1979768971168
3.90386747843869	4.40789927261552
6.09733738635795	2.18073677019313
11.1324119980098	7.41114907271467
5.36534391901971	4.50287176228835
3.18434192887659	11.8563434594369
2.06269575903227	9.57982948916673
2.58684724439932	3.04704450636602
9.93156373120776	11.3844997750636
10.997147108648	5.34702103917745
0.108746620848197	7.0057284259074
1.74201939972629	8.77327958164653
2.85986592250203	8.61629670861252
4.83666547017885	10.9337903311763
7.92686942589395	9.06997435821875
9.55506578001075	10.4643820935194
5.15027308942817	4.01150984102608
11.2410583997144	0.728595845884336
7.16879326325907	6.2791601639297
1.72331568574081	9.04305998041763
7.94202933091832	2.8326894692994
4.89354787919322	9.67254289310688
0.231017838420802	10.6910536202938
6.16592669826571	1.00115014771613
6.82298248840152	7.65674736598569
7.02908551730277	3.72848970406147
7.6047312304143	3.84440025017067
8.62986238809177	8.82192605739243
11.1923878622035	2.20820980375349
2.0304460154914	6.12145839358601
6.68449625443673	8.00508363053504
0.360721537572548	3.77372121901978
4.68552487864511	8.91463550520693
10.1094467603664	3.79056604068965
6.59912011212405	11.543039765376
8.44986944055036	6.29381318934137
0.838016318636751	5.7232967706415
4.93892391950748	4.15702248073231
6.14916850705211	2.63008454774863
4.20632610265492	1.86780638404151
10.8989803380897	7.76991980291909
7.98779944631369	7.66466136717235
0.874087538859652	3.73507782925943
1.33397040921909	5.39933348615521
2.419327280125	6.12214882822711
1.22342357653538	0.20986854775819
6.38539612307817	2.66362302299935
10.1260842317888	6.25203376771671
8.27331210395818	6.18265443836827
10.9409280509596	11.0243436077295
2.95944591500506	2.36753602242755
9.17283994875684	1.92141602497888
0.18906154209459	8.77261303892627
11.6350398469596	9.0177396078995
9.60130863547565	6.37870194552903
8.03105343140166	7.15985779371435
9.09377833074228	3.63854199848785
9.96968670127272	9.9662596841695
6.1450306123492	1.25601920311037
3.25391333943315	7.74707201498904
1.26790239455784	5.72834868073591
5.05554972744347	10.3453110016834
7.67627586868066	3.11662091349686
6.37651289181633	8.79867587100996
7.115996237075	1.52363433872545
5.50056032004784	1.7917911285245
10.4957709230403	7.72489080700023
6.45098859758167	7.36227680136771
11.8344785354752	1.30775585150351
1.0533583748558	0.424002238383841
9.00312416448489	9.75040973955893
9.12280888354678	2.80064443166031
8.81557824532633	1.35396473789834
8.83292706812481	6.89544822941687
9.5893095148745	11.5127464612005
11.0912634023706	3.8418992573145
7.82689664915243	9.26686179943063
11.4770406779183	4.92867298883618
5.31681684376831	8.65015124994335
4.33067913003089	11.4033054051475
5.65116506021148	6.72667621662662
4.33168986144049	4.28313389565017
7.55850966810441	1.14135153681528
9.85245678360652	9.28787917983186
6.72394573626214	10.6395422853007
0.266280255720804	10.947525642108
10.1634107604161	3.35848394069105
3.63884192889083	10.5811807763139
9.60929413626166	2.33499840704633
9.17812174756886	7.20069415805531
5.62238907806768	8.1397226350659
8.88468631178694	7.98852239362849
6.24640509268296	1.85160454166205
2.74274288131461	10.3203325987914
6.63788754803719	9.41946487300868
7.17309573775078	1.16453613688657
0.741260888172816	1.46906547085039
10.8196584143621	3.94171103725451
7.87431853732375	1.34065857967421
10.3670683582348	0.984156116544131
3.62168402828304	4.54251742934883
6.98698414725298	7.37676918176936
5.28625295181535	11.171898720583
1.7653061317077	1.4485875919098
0.372084877376976	6.77060482968814
11.7699697958875	2.12430525467915
11.2599511147275	9.15118949920883
5.6526177660133	9.15049061915187
3.18859744227558	0.457890068572343
7.95853231694171	2.48207012454725
4.72589303821412	10.6788321894062
11.3146862496079	6.43210654341627
6.70795894034782	4.03152190221909
2.52278579145285	7.09057099052522
3.97334422722347	9.02393537744517
1.8590472618548	10.8531904591623
2.6548060305653	8.22886984449341
8.45453038573703	9.30185584800696
2.33192307212959	3.08681269366854
4.49355861492887	7.33676493410423
10.5382330620202	7.98633386480966
8.4629841199213	0.51304148037928
3.61683855799755	0.343206213306402
5.96347857619996	4.08786516893068
0.855244262709864	1.14437109922031
9.55175090717736	10.2389735908869
4.36599303850574	4.06177553925275
5.75482387219591	4.32909860222042
1.36333994863814	11.0755512191289
9.11210675218813	5.97296773260606
1.60154312823546	3.27586574591449
2.79198751470403	10.8696239978695
4.15849943364027	0.401137078704039
1.39553737821336	4.4457108617065
2.34380359707868	5.20657569373732
1.31755446654915	6.32826072731713
9.42880452313564	8.42892553311654
5.01507332547362	0.128183757698219
3.0009876492973	5.74803552459005
6.25428685123578	0.245978722210537
2.13888056268936	10.1342076637052
8.0614960456462	11.8550255192478
3.1279592960365	4.65665323866399
1.41883259163854	3.71539752280501
0.50907973286879	10.0889324463825
9.7650650535537	5.8197985146352
5.98587073519137	11.7705529553281
3.15909373999801	9.82573846359538
10.3209147118374	4.30218828080903
6.29170338006683	10.3986230835521
7.2834606535726	0.675646288975669
2.48061305653271	10.8632189022932
8.43620251974333	4.48493205997269
9.82751268874173	2.00952193052916
4.47357522451464	1.79843466460509
4.02346320268571	7.5421903327123
7.9660895534776	11.4136085623722
9.48484348537689	11.0261520309203
5.95921063578028	10.9015244010133
3.49153643624905	2.9403565943157
8.64122223744818	3.63534180557488
10.0442347486117	5.54427313321832
9.52956169496894	1.48396272710952
4.5727006862597	3.9569694177028
7.61286900654363	0.299998158846902
2.70656262728155	6.70662557047654
2.03882340299338	8.98989023922302
2.93586096684166	11.5319308694554
9.64508332912789	9.05390728156936
9.72791663920139	4.91000002552916
11.2037457413463	2.74628847435292
7.58937002791744	2.92080110036842
4.74110344658785	11.6917304092703
1.60681511976923	2.09380052164741
6.09656486113812	6.37872672576172
10.0549980549276	1.82358389805786
1.82614550750884	9.53592142293387
2.22212984919706	2.45352759604228
2.91821757981677	1.35797219031152
8.04860986895563	3.51495572557712
6.518116140524	1.72387654061016
7.66181930870234	11.0572759257744
9.91120808956191	1.23636929485138
5.5681533607357	3.42410987492594
6.99664608460171	5.19145119588073
8.55901219135098	7.19289943234427
0.561369268093691	0.234321006796451
11.7124946708779	5.0652396721177
5.548085773698	3.19274174704795
0.29009842045981	1.92732605336975
6.69827451647666	3.38830965785738
9.44338963897482	3.30377057399851
6.13127762261787	3.88562378044592
3.78598885805806	10.4377897382579
4.4890477718171	4.67607383841678
0.396333610255443	8.74619100574665
7.15384982002866	7.87282718392105
9.34583131335418	8.68764878183424
11.014714917577	4.67697859629558
1.05727797607402	5.57345936383261
7.2112679202452	5.84429390197588
0.570155065528962	7.684947032995
0.515979303765457	8.06549745795037
0.294769794009481	7.35465692959344
9.1539069088517	8.24848472483709
0.121662059104171	4.90209498305775
7.41216036352796	0.449393452208579
5.42344014480836	2.77618205309375
3.38812304115924	4.66715512181534
5.03144202025497	10.675024151913
10.7901845841809	3.39479700936268
3.80475052099282	2.16355714016785
0.10509621148716	5.84333796804674
6.31256646293253	10.6711665208866
6.00164451903123	9.26926600540466
11.5124417259657	0.78458338113161
8.18780060140539	1.43377918061367
10.9294396694898	6.50808476099467
4.69262646744707	3.00574531158944
1.54454057457212	6.15745156784716
9.78936817883726	0.492127090437515
3.84254830359144	10.2450117644069
7.22658611199724	2.76862971661401
8.35183472499194	8.03503370177711
7.8998971673383	10.2921030326811
10.9684878783758	2.65438514127824
2.46671328050103	0.872142573252861
8.46974349825389	5.20302232267901
5.75743411648143	6.11152844826761
3.44704815891074	11.7050529160804
11.260235909209	6.74799281449472
6.79614658972438	1.3475749765906
2.32057988229385	10.3105169669477
5.75148584910774	8.72131171522375
11.1806311132748	10.9042992233462
9.08918214458411	4.97353185890221
9.35361725312564	3.82421030057693
11.1059088424356	6.23930197121144
5.81187053254358	4.74303007363482
3.70519862574833	11.6779560374262
11.3407724107584	6.9756099765415
9.36771324301891	6.37278802095334
5.37070188041922	7.55101928327746
9.03097587882944	11.5112199281845
4.91524105930309	9.9812771105173
11.6218080021815	0.416748605319254
10.377601053675	10.384580157416
8.9300803776131	10.843143925797
7.48118399559397	8.66895084048447
9.12984969779498	10.6613638587394
9.12044075705523	6.9185493098943
8.74172226056584	4.72303574845052
0.724179280047253	4.96233795814139
4.6533922230566	11.510409580088
7.8183347832484	11.5514424061276
10.0204034808926	10.1675785805505
4.77013556286676	6.05265320513026
1.34082670666931	2.85727704013592
8.35622336528756	3.73757370185937
11.2785848598225	5.17217668342954
1.39340420602307	10.4831303294479
7.83823038868419	0.462730063993506
7.74735321179273	0.88665051643899
9.38669754659236	4.91948017662068
4.5905278183116	1.50747514357832
2.77835784178688	10.565503604698
7.23862128105365	4.37009163848297
1.62219756776425	6.48655918988104
6.17919375332359	6.86802610313354
1.91066412137017	4.13093612019607
3.32666498738205	10.6710979079995
3.46253436493386	8.17557531661084
7.50449248439402	0.750552071077525
3.3697407686857	2.12311306495586
1.01949545610024	11.7513063490863
6.2253004090087	11.7288884001514
7.80200013828696	5.33093867332442
4.86067276330491	11.1724429239683
11.711754556688	2.64763215867889
9.58235075598964	2.07317475088836
10.6029105667464	2.98107443768946
8.35948016135721	9.67924690621524
7.35560321747974	3.16821764890376
6.54551573217672	9.00373665831698
8.34396925708062	10.6912415549366
10.5286686445045	10.9376146592692
2.81595663270315	0.656011073755596
7.41716976743643	2.27198704277672
11.1573317788319	0.434750438121597
8.21642177882404	3.91576054561511
7.20582131754403	8.32906757755957
2.755085823176	8.82019031694
8.72436255079558	2.29071918943592
10.8906116097019	7.32671327118409
1.37265405243115	6.03038773948387
2.51869222250705	3.24133146441007
9.0280989390917	1.26580827784997
0.277094546751332	6.05281376199478
5.15852121702077	2.32548055799499
0.64572842856456	2.95151752094787
7.57424777648299	9.26381947313423
5.28847355377971	0.489466203743121
9.95659047458063	0.623661204937664
1.73240611302455	0.475020555129182
4.85507773067047	3.5615713082974
10.7125750164801	6.088120411066
6.76815178395121	5.48863641388922
1.87162486353581	3.88051254765061
6.26607253276237	3.20704373879955
4.21016980864884	11.1256344852092
4.16796109701352	2.61012252152445
10.5804996084467	6.70706328741496
6.45639847306252	4.90559021610655
7.06989902122699	0.436605961102573
3.15753352545841	1.47255722058879
2.09307724702149	6.65065693377364
3.00690548727532	7.95095039156195
4.02862048072624	9.28108908146825
2.02556783236057	7.10071198018249
11.4283289878882	7.94624894340152
2.14988322697024	11.6732925021946
0.406590183485204	8.37879707320188
6.42437918488428	11.7877504137958
5.49891767504972	4.09229138035467
2.49933318785719	9.41823711692692
1.59330707511131	6.78271366945943
7.80231557171178	11.7864352580606
6.00193049798053	9.95715386421069
7.55362337657949	8.29853315891565
10.3664433031261	11.7999907165968
11.8162114245246	7.80619863031973
6.55460487198271	7.15356632550825
3.58873966588175	6.22286461872492
3.0979965010453	8.8708709627844
1.81549776888544	8.06762602009807
2.05538222289574	5.12283794988739
6.27173219155405	11.4452596506386
7.91540907627555	5.14912627659865
10.7555014818586	2.36968601297612
0.605768754760888	10.7740917426216
6.50489250943164	8.579257105607
3.72548692848397	2.82885063948129
1.16659018447917	7.88975205546603
4.48943197817611	8.46414513390314
7.5799090987936	10.595657305287
10.1535306350323	4.73781288166225
7.38466234003466	10.9576392367082
10.4187061236502	2.00294062900487
2.82387920402902	4.24464717059563
5.75838529501569	5.48525295263947
8.6166286582371	1.43651574841306
3.51945727582485	2.38436722746324
8.49351058867972	2.06401842743169
8.11178570312205	4.76141283655012
7.74278452155387	7.28139875830908
8.48199589787716	5.76779645618511
9.97800697574174	7.8543512346853
8.82300746328113	6.28629327303391
2.72302282785181	9.91631248700295
7.7327627827076	5.95020540015933
8.64726209872713	0.240911689213109
0.45237486848557	9.73266147524731
10.4140518950914	11.3598166173143
6.02367254622735	1.6632243680063
6.7938428926269	8.49498008288763
0.333098192666126	3.22001998179607
9.16233722342249	4.04405144778447
2.25501634269695	9.49166578638962
5.87593016328479	10.3843033856853
5.06782601372547	8.4636454035725
8.97975192704383	10.0079492010497
2.31013887653301	8.98808097982632
10.6604149972897	0.625505661551187
0.546645987588202	10.415402047757
1.37653035369262	4.65314363621956
7.19239693254231	7.25560322872373
5.82129906497035	2.39838183858732
7.16753860253288	6.74550947616088
8.68610589931556	4.48124470159545
0.452043203593782	11.4904561244574
4.72911676203023	1.0621037092217
