11.7163663320334	0.554905120591386
5.06749531716416	0.859824377150689
1.87722858945615	4.26180957554474
9.53337434910663	1.08542748379717
6.72011118332191	5.98578570386671
4.21174081572211	9.72102015973948
4.27561686388914	10.2107860574182
10.0468569579414	5.57864983167879
3.29548138734664	10.2651272118662
8.61531021561031	10.8087679442237
6.59538293572512	9.43288826088857
4.66950384587032	10.3563325234974
10.8393197233476	11.1468380176182
2.14127608487508	0.945906623367673
0.950979275573087	0.432432331041548
8.08738195092057	1.56027126554778
2.35706549244125	10.1445070783204
2.19333278182744	0.692739215226063
8.77143509141503	4.34756814981912
5.84788727482883	2.61617326293157
1.33450504913779	2.86803581886892
7.99407444411857	3.88071854417814
7.47254862182562	6.73890280194613
2.14250703979628	3.01794166104057
4.15802040006745	8.66394539218815
10.1373684138818	1.23712202353985
9.39583543468035	4.65826774755108
3.46292700484832	9.00144261082659
1.31007831387365	8.33200489790754
3.51529718778394	8.31556080301421
11.461860018691	2.9840675390667
0.96321500368057	8.04703949074477
8.24965274717971	6.88995611277216
6.46103164039023	10.2204109668168
1.90565994131917	1.90293496295388
4.22017495333577	9.32140491475906
9.56099047780579	7.95990016012356
0.220261974006365	3.87823065019924
3.53329575014195	7.59602103530275
11.3821142861068	5.88073978487539
2.04769352657332	4.44298327068827
6.00564548757491	5.33076591417425
5.13047738420011	1.61787441713046
9.82335256227994	8.81202721357946
4.51670196597552	2.96944598913379
5.18148855044172	2.82568490524734
9.0686804103664	7.31277625399847
7.30947007096972	6.43320258069484
4.62739512793451	5.31419051575654
1.0650160353294	8.46617482914017
5.10949887903585	3.5469503418028
9.89802090333265	1.3337320457649
3.21456111042224	1.26490417205348
1.80279549104376	5.29607577612692
10.1580622152779	6.66876304668663
5.67595732092715	10.7251952835138
4.3539775501628	7.5454478933264
2.53021116025352	7.25848616687178
5.28187928897985	11.3311774826011
11.2513289266524	8.85005886547943
9.7125019090209	10.2692095139181
0.391039444816432	5.12924027795684
9.60363309447655	11.5870186776407
3.7587000774669	11.764505530367
3.80858206278414	8.79734679527277
11.0615668941119	0.842708820147086
7.67989989426877	6.67291488908132
2.83966247371131	11.6047200183021
1.96797219141614	0.109193158962992
9.8550575679276	3.43855180403747
10.4655052267478	0.397034525489383
0.948740251612982	4.36977336797459
5.61054592390225	11.7631909362734
10.7000702776202	7.29110077389407
1.60111925563407	10.393335996869
3.74529047944397	3.79687910461985
8.14508350851614	10.5148576416493
1.64335192087117	4.00714946554129
9.58196684800055	11.0617453717816
5.04576015537093	2.13982650449844
0.298684062119647	9.91002653352831
7.62841109921628	0.664891747084011
2.96335491753152	2.06949182019743
7.95621790521956	10.0830487733815
1.57415085975949	6.49011533387783
7.53697481039479	5.56723895080402
3.7925306889544	7.71185478237356
1.63627298929478	7.33737992958423
9.05949765101236	11.8771273195205
11.816316946236	3.97835359626469
8.87297529795015	3.35068874312255
8.91828667432211	8.90004839864323
10.3923182522229	4.63469301457669
7.38484175415716	7.64382244480257
9.70686224345836	5.97888876752133
2.26508204586422	11.3893498915246
11.7921396767679	6.7897356819288
10.0924173579141	7.69613559622
6.27856913998151	2.29864975821907
2.04179150318939	5.72580500837376
11.8684271722856	1.51949182360716
7.84018933532203	6.27657572393768
4.35016218087538	11.8510816262018
1.91245359472888	11.2709010489671
4.86815096571866	10.7683695326575
9.65307990481954	3.53256955117709
1.72239285757687	0.224343673544591
3.92027357254189	7.39379035297774
11.3982443826452	0.469353785849279
3.03847450897742	3.94292063905677
10.7151365462651	4.02845913669404
9.66913422008839	6.6345692712825
10.1488534318796	5.18007069997551
4.83974142039867	10.5326314941595
10.9214794238363	0.157983589635907
8.58688522346896	11.2980118276884
9.37779407349305	10.5601386768578
3.50152657898437	10.6286714440153
8.07631557220033	11.2765815656741
4.97325362946383	9.24178276575415
5.69564717467448	5.9691100895106
8.50628408051764	7.11869826427965
9.09538612187784	3.04071107044836
5.82857261746408	6.46078608089469
11.5880651449171	4.69038567966723
5.95525327813427	6.75519207656477
7.04748046538942	11.5145544241224
5.18359451146669	9.15218900192308
9.50986443351819	10.1469733173966
5.95114337017275	11.1296440937729
3.88574512327968	2.76317600002787
1.62488736482393	2.77940008910944
3.4265131375278	2.72368818128732
11.7925352318561	5.15479450499046
4.98648933301843	5.06364383014013
7.87801794562862	9.44283127381002
3.17198518071009	8.58727357549009
10.2733790674759	9.94256933109068
10.1928657615858	1.96517806398396
6.10472357622253	3.30404610001248
2.13140468748992	4.21268850244888
9.13131377700719	4.84893806956347
6.94570697717415	6.18399250448784
8.24050224484079	4.52801958537813
2.17324079714346	11.7619539420317
4.75849111578701	8.88947369415651
4.21765970841932	0.742454128979757
6.31576493141568	4.30689409976469
6.03940556745399	2.00471499036142
5.51667266454028	7.07528112321909
0.848827666406351	7.53714592754832
6.31821686176786	2.01613106751931
2.48207350194023	3.3405467858673
6.29545261694896	6.00408301972549
5.80109822009286	5.22175483832443
0.994767414575762	3.99271123495915
10.6575904234108	3.2907617106036
8.61408618736926	4.12057525721824
3.83647121315775	0.32368669485064
7.29801092539445	6.10296730144181
11.5730107003016	8.11942572493914
1.95379447190942	8.80548177186277
3.38617125008647	8.62149261522949
0.106966595239823	11.634114604685
11.7162310096278	3.22995358693586
3.79707054469289	4.74494104945291
4.53829194625122	9.37857383240191
8.74285409788614	0.693436254454179
10.7904685598882	5.01419127758804
9.65857166105493	2.377773507964
1.16656426136241	7.35869970520273
5.59595990068702	6.49147332431884
7.43282247815666	7.33769409411799
7.39877068446171	8.45587817325287
8.14109367015924	7.59522232523265
11.2551850394725	9.10154236489923
9.36975893691124	11.2423017390075
7.45344898464448	11.0662718221595
3.90033967696363	9.82827477733688
0.678012647074754	7.30750331949627
8.23370284998928	0.581153372546109
8.79748577014399	7.96385936582641
8.56009665306329	11.7058814434771
5.65141649027127	8.79231095878061
8.18205212299056	0.110005509845536
3.82704048035666	7.04022335758246
3.99887352049475	2.26302585393622
1.64423187732918	2.26911239925331
10.6508239822244	11.3664272071877
10.0893107276109	8.18398870926363
7.34133438329067	3.74807270280898
10.5478178656465	11.7384006533293
5.05444962051209	4.8718538371942
5.45623621328921	9.43713026248242
4.26079452318821	11.1493927466189
5.33759314342148	7.51384867144527
8.67833263638982	0.349105693425241
1.63098899569603	10.6633584162244
7.68112988409163	8.78069974743093
6.78161416947315	4.41849293000447
7.40026428062624	1.49433487465143
8.11366458844557	1.0369258319351
2.8571308440974	0.569458097702343
7.71381200081434	0.325814988814818
11.4238978810503	5.25699191975762
11.7942137039517	3.6989648006851
4.51494017687244	1.2732553637398
8.29167556788357	4.25659367841342
2.26977507787852	10.92091622312
1.23034264028566	0.516200196299257
7.42448888919517	5.01583478889673
7.3009688163353	9.96449551522161
3.35497874721226	11.7450238173293
6.71505226685466	0.96800014113229
9.80846678729544	9.93737349112783
4.87498231247559	6.60030265637577
5.09175051298992	1.370707452672
1.71453023869424	11.3485314538815
8.06745914809458	5.90013262963238
3.52505561453531	4.65801745429955
11.0848991633381	3.28427099631972
2.00074076864678	6.83806762512509
8.5710644005222	4.78607068496625
6.04458908499094	5.63162421836845
9.41594735706059	3.57118779825747
9.14779165738277	9.32502425419137
0.32188945615793	11.2276736222886
3.03001226347257	10.4896088626558
0.253224679288441	2.18348945967002
10.1053806999611	10.5951217750382
11.7182637249018	8.77064630671146
8.39500618026016	10.1889085945334
2.31273143538646	9.54468312136758
11.1995184627541	6.86705112304394
1.36783574886024	3.39696551088507
9.81618838624964	8.16749823185968
7.46433365150053	9.72978239223556
7.16799990550474	6.67889500773213
9.08409819958833	8.61566614307994
6.95892066479128	8.33964365888432
8.82081080805213	5.44417061382922
6.35416960715105	11.1551773292182
1.56694027241254	4.28041239284768
1.27060818518644	8.57162776473148
4.21419473757402	5.08450830571325
4.81437150969479	2.77796075455024
9.82536458713301	2.01082355649874
8.56364947750865	3.57041019245399
7.32231726119893	8.96309791782215
10.1006393936473	11.8031453816376
11.8624190999469	10.4700329391888
3.13095226873003	4.26814624203418
8.79409477354046	2.90507188759611
5.19765452405829	3.19709017939043
8.12836608284916	11.5049586834955
2.90385936492519	6.06524068443883
2.62163961410105	11.846064263252
2.11891517266259	1.85262479823005
11.4027726063224	9.94448638588523
11.533946715576	2.63938759988669
10.5119333786596	7.89294045070691
0.629094113558207	2.63818913460453
10.1251869381681	8.70858378874763
6.63533708689446	7.96168713436419
0.761662280856056	8.83862421364823
6.08584924949173	9.68407615312618
0.228277662570951	5.62303891618162
7.71618639644696	5.96279835729123
6.93753661265187	6.93835733857322
6.84915691327142	11.5877828953004
5.38446718225288	8.37820143462657
9.56301101930663	5.27820757640381
1.11880022808145	0.147170824694652
4.77422656174749	5.08129959496826
8.35118617838928	3.49779713280242
8.80311871135472	7.29646569501936
1.95609049077812	3.31979402668203
7.44181601266532	4.63493387486425
11.4707396761098	7.84469423582861
6.10432059796715	8.00078800470656
7.84377601234167	1.32010299583687
10.5718623442854	5.04307290027851
8.24267799216118	8.74216514590503
11.6971659670293	2.98620191533512
8.19831466261643	0.813924507546312
7.84178693431941	8.04023961705777
7.14797741420803	7.40322419066972
8.17991454228173	10.3158260565692
1.33746803516901	10.5593458266793
1.28075470249283	4.43185218944417
10.536491607816	1.12224390408387
2.34819337338562	3.06765646347559
10.5435977057013	4.25583974280384
5.44194130817143	2.35479591131247
3.61191147127823	4.96538643559918
9.9072720333114	4.68304904305369
2.39947994814453	8.64729406892661
3.87685706068746	3.57122151337673
10.3854284147858	10.2440721771243
6.73761152714877	9.89116906056578
4.23537951674182	4.47501456756183
11.8333493232623	5.85846466694483
3.60706986655027	1.42190898036832
1.13941807686295	7.07169827742441
8.27793603919774	4.84674854134606
1.58069516790019	0.675090218767449
10.0338303104048	9.43829398124428
6.40405595478636	10.7065294913665
3.0554663521011	10.9816799333435
6.67881293231285	4.61876507597347
7.70408240566278	3.40189479251016
7.08480409060993	6.49100095026229
4.54776606571989	7.13835753525502
4.54684718944306	7.83432099309053
4.11176562537947	6.75517440244714
6.14751995428091	11.5338386831622
6.92039301735839	5.36783390223543
4.72466150432277	6.83063431154579
8.4839941232597	0.191707101335123
0.319192317439513	4.41408615828401
6.13656856489645	6.53136300622386
11.5228888772139	7.39297197368888
3.85374900605396	4.35625698653975
10.8008985488645	8.12870938537456
5.06162926699011	7.49061564759526
5.89174474456733	0.543827226177493
5.76026872573075	10.4248638865973
0.846218734523971	7.77292543771226
11.5367096102351	1.12647835519021
4.04789026675218	2.62306479936198
5.38852195295084	9.239974258847
3.26116857316254	9.63511902574492
4.26243356910855	7.11549543906141
0.749800858469834	6.02387767280932
6.47108908321594	7.29474060015128
4.45099125408295	1.89628319694114
2.85311111224152	8.69579814490304
5.64469789734924	4.33543563973205
9.67439103631833	6.85700154951145
8.26220716470673	1.75929929984525
4.89561749016805	8.49898228535932
7.04922437331654	5.78157772309208
5.98507617737684	1.65548132285764
3.62460165856491	5.65315606392673
7.34231194143621	11.5369033396998
2.03080634685179	11.5077712130768
2.50999157521677	11.0651995694169
10.0174882396878	11.3819323582284
4.02278666839028	1.03698823944843
6.88626510783576	3.71920838977932
0.386126929166188	8.51359479778943
5.51291470744273	5.27857193839745
5.18953516410262	6.56317225532592
9.63085582664416	5.00859257461235
10.7932186582801	5.32701064775352
0.317990281287925	3.44406994327882
4.80616462759454	9.12171773778086
0.980483042167599	2.96948121748448
1.98694694877307	7.49765893306473
0.913639979443917	9.05042430557765
3.15625239300843	2.12594124129289
6.45909985905263	1.69121560035108
2.73717283589778	0.862687054048172
1.48092146157167	5.40503613132378
2.13567910967015	8.18367357662691
1.95654004235962	9.81855702644103
10.1674981470963	3.07306143319576
0.548718747596001	11.7189663483413
2.44389138537874	5.19958002285928
5.46742970549436	2.64016803342894
5.8227017566122	8.46796206058892
10.7305147379703	10.7096137298099
1.64136630461343	8.67000015993098
1.23053835996433	10.1621764963783
6.47515114549428	2.56517064908568
9.62258801952828	3.21661977795975
10.7157876955264	2.18514273521072
6.91636665140675	8.9986189688888
5.52038610005908	4.89991248609616
7.948997515207	3.61577808626313
2.78108633316788	7.46698538612274
0.174144096599676	7.5917760324385
0.274434658503159	1.39354845169122
7.66309798674052	7.10401041243797
5.95361032719016	11.4459432509368
4.52056226066303	11.1669155306669
10.9004832584209	6.80083856359971
3.60435254647562	5.41364821815395
4.07474097116408	5.82232607106108
2.410639831885	7.63808484687295
5.72161970089428	9.46510040477829
10.4025048296363	1.81443346705141
7.26366583599771	5.43010245367963
8.95426904308484	10.616354841377
10.5099791524478	2.93902074556741
8.68292337867441	11.8897543465686
4.67544363177747	0.741301843955361
11.7252773384555	8.5599621960023
7.47812391513514	3.01945789863504
9.82601446096052	2.89455002679802
1.21286001999574	5.26363040150852
4.36044979573409	2.15181724083853
10.5024317875838	9.41213241410634
1.01685384957563	11.6670434466747
0.789840943781052	11.7596654493552
3.03211188266027	0.391128596328551
9.66097680439122	1.40026210518133
5.09353462195682	8.22656575846479
11.3056981007712	10.5505016412949
2.00177817493248	4.02282150047812
8.00222309967664	0.257323478245477
6.36836783793106	8.48176160498455
2.93060670007218	2.84268141431826
4.01629291513031	1.52242871623484
8.52057312519091	5.00686453100074
6.80252990144552	8.68522712744435
3.45489784683052	3.96127486140792
0.933898162563335	11.1430501287578
7.0918873326183	2.10122102656387
9.16118941918653	2.3992508995934
3.81169864826519	5.3535215318264
9.1528421747131	3.70239086302446
11.6632439312733	10.1609441508987
5.67316663105449	10.1563738226169
5.47286574259056	8.69629610930013
10.8227832993043	9.12503359756494
8.06061211038975	5.16851858932427
3.25441924923351	7.07101981389029
8.68052096941886	2.3179506693725
1.15781214910511	1.70688069920628
6.05851715796754	5.88119163354281
11.4625933892341	4.42897685635955
4.7200685751372	1.18576122178116
11.4916865358956	1.60544176471419
7.75897096618262	3.01903237148258
3.65396500880253	2.98794994542851
0.558117288445056	5.79067190627152
6.14895261744957	0.108364725205119
5.75194312681647	8.04818657719537
11.0541816090152	5.53454298564193
5.56125040054198	10.8981265768423
5.84653179581972	8.90075634219392
6.38218922455358	0.227833086276729
6.13687892984331	4.96638989491064
10.4312259073775	8.47464790624576
5.1061575529936	5.41791983529838
0.813307669160818	9.75014715870511
8.61998262861765	1.54322996368548
3.85038763392116	6.10506032023929
8.18598738364532	9.29700795087534
11.0463962766366	0.375949161025239
8.31901642739451	3.13794220814552
10.7469464778017	0.61101119352213
0.804439144762278	10.3742387722174
5.09709018533255	4.2422656765429
6.13178827665217	8.53678512827726
0.76172553244402	2.79039925480419
6.36250803662407	8.83784874960155
1.06069680121121	6.00085914941537
7.85449712130896	6.56238628616875
6.20029829748289	7.24562806698741
2.53775926889166	9.19046144660541
0.771988803740106	6.6624301267955
3.12262192519889	4.73154113224698
4.82974217546168	9.87359731843415
9.59994995389979	8.5781543505689
7.7426816452276	11.2545300823126
1.19627299792067	9.66646491862678
10.5031706150296	2.25249491971118
7.05969419415999	9.28706036415655
10.096774165565	0.893206526299988
6.20604175276415	0.559113674650499
5.4898889795079	6.77829589046965
11.2698349215164	4.82124898943912
10.0696996270948	2.59717279262701
5.349548485991	3.96588507599686
7.17744409259139	7.82252703842058
6.91166424601458	3.44091889665885
9.26343656646124	5.51038981116741
2.01855000052002	3.54304690726345
7.03046471943315	11.7932750115147
4.27384802027474	1.52237309414442
4.41660365212162	6.47857040576897
10.9739751198888	9.48437541544942
10.5898961653564	5.35176333164763
7.67176868170615	9.40855883596981
5.64476239228107	2.96953144115274
8.56559278927544	8.14725490036736
1.43547815102906	7.36647930666622
11.7269547419511	9.62191769756979
10.4460249702027	10.5589287726721
3.8962941868889	6.77198237492737
0.471332205299571	10.7710975446748
11.1407549149757	2.74834695642855
4.35840854934531	5.71623963815381
2.62154173673804	5.39076060027659
8.83618002444154	11.0514801661395
7.71262298124372	11.7538102007744
11.542739830858	6.80024966432093
11.0124109264758	3.72453555039905
6.02430400456479	7.35409094369877
4.33977205194579	3.56405033982627
1.6726308980863	8.3665278638934
8.2054953268768	8.99318758500401
8.82895800651441	4.10124574074888
0.385966010454522	11.4889167322823
3.38483832876664	0.750014865186467
1.9001887520246	9.0033476401477
1.0743944653618	3.47426430354284
11.7116234592956	1.88684328350179
11.5076971586513	5.55017153352207
6.34201576140747	4.7120548879048
2.53533077090901	3.65975684422009
0.162183099578456	6.65242921227124
6.28349016780328	3.6765396089219
5.77750078184328	1.6237822044097
10.4317570436733	5.72650443816807
4.93048554024858	4.64869182540299
2.55463038711657	6.87888945467567
5.23660354960426	7.76032347336855
2.61572010061504	5.06678391163604
3.09697163708894	5.64169851722104
10.8488411900037	6.28402466430236
10.6650567963461	2.48186824062958
8.10733297023036	6.69703493380684
2.93825735652919	0.770190761205499
1.1593340699366	0.778639393502165
3.11018725455174	3.04954553710475
5.23339380101629	4.99643359192299
9.47869668832718	1.59523491231281
0.972725965075468	6.68484928957789
9.32915119250494	6.01935367141161
8.42984323772868	1.38069345232156
4.4775794313125	0.89752463579938
5.77752869027584	1.15373865080756
0.778595225847954	0.219158884908947
9.67179378103829	0.204685951776679
8.23572579023547	2.66695006928913
5.15989203007958	11.5099055101426
11.1068906573969	2.50214015118089
4.28575733256505	5.51332768440586
9.30285315161483	1.45972044742098
9.74129807899339	0.476553504930004
10.5075982562275	8.85583458579951
5.94113977154589	4.33650438880615
9.14189830654138	8.95596079877752
3.82557329145554	5.76542856758757
0.500357027567659	3.71697198922723
2.06160429568317	2.62685077955159
6.87628556269787	1.88288591246538
5.09624737167966	3.82284225624992
10.9768486040389	7.19658969967594
6.89425774722237	2.23573201797241
5.83625578120197	3.44902791073162
0.649992340071448	1.17854013719955
1.31478919281734	4.68534193578312
8.21206832096717	6.04234710299006
1.00368097035049	9.82342167881114
10.9443881384983	2.13316105274572
0.734853582155611	4.7410249675518
4.79613785525316	9.3661554280351
0.534731729595326	2.91666843025221
11.4894518095414	7.1546445943837
0.510395395262412	0.754465327275942
9.5526597861783	0.600814654606257
4.0709914944199	5.46548631469907
3.19078706884719	5.21353484908714
8.77406652605694	4.82897098272174
7.0492686821167	8.62619230368425
3.60019302623339	6.46321728204405
0.637381900123137	6.83463024605034
6.22386918581167	6.31004519128898
11.8129187577084	8.1914433911713
10.1260681489098	7.10505561598435
6.80274634583204	7.7170500269384
4.93366857360985	10.2606851726303
3.23943563459442	8.10487843321343
11.0053467095232	8.46100703883885
9.97737232379939	6.17582195098631
4.77958672497273	5.98461668590475
7.41514284317954	7.10581092006334
2.76696934799747	3.87845073668887
9.09412591687132	7.02648387844974
7.21104596059385	10.2086456680033
1.41034869677794	9.7470095491716
6.46697736449664	2.86384286519089
9.43130844284602	0.183747575390273
6.66141876935721	3.21271918116637
8.86904533439676	0.535724980448386
1.83755161325367	10.5419098959825
4.36334542946244	1.08698415048973
1.2291442093682	10.8281396858423
4.72380507914176	11.5307575911808
9.78170863789178	10.9561122388438
11.2505659273579	1.30142352533604
8.81268136589171	3.54641709471939
3.56101321108115	5.9591529676213
7.98950378093674	8.51953889156927
2.78265505256442	9.60376995902062
1.28573184429593	3.6553973246543
2.99848742412116	3.27260467133127
0.207762710372751	1.6057406729479
1.96222956732031	8.01990284568413
9.49029341512979	2.15787319945834
4.58557999713827	2.09817258172387
7.10597926262963	10.0189180682303
9.89418992596779	6.80067478193909
10.0590305606673	3.99072275926791
0.6448019014063	10.0761926794955
2.10170489457145	4.7648407562533
6.10326007230808	10.1443764423371
8.36048074486019	7.61989715559232
8.28572267758762	8.29762095665098
8.81995396435236	8.31949334045289
1.05808245995633	8.74155819591078
9.33306105946313	7.42043355033773
2.38461530519495	2.32264219096429
5.12115375085592	6.84648429213077
1.8942531216311	1.48113182931828
0.930714472912222	1.05067659434953
9.80368043628227	11.7724384418656
0.789889595427982	3.74919163449789
9.54085013366945	9.70360403703353
2.91770710953321	4.95343867983335
0.601691835454334	2.10834339589776
2.36990935764728	1.97185659269622
9.87521216364605	1.5971841345981
10.3025923021312	2.47805493474583
4.74334682698478	11.8267786433659
2.83784466788625	8.21637048084837
7.00932035026868	5.98298887293767
0.575317125489825	6.17690627936948
3.9872636362684	10.9243359817467
8.23275038441516	2.26868071685351
9.32794799156372	3.9208499900978
7.51091703132178	7.93075483571624
3.48488949469404	10.1703864226646
8.65735492591691	2.72699512009475
0.509373587354675	6.59022464362744
7.8807427641188	11.0949099687331
6.22788262169579	7.45928903054945
7.74379870303744	8.32115249011289
10.5815731843942	7.45508593109232
2.58139519214952	10.0550499100888
8.65187866035908	8.44818316735338
8.98561661044332	8.1872508272709
4.29396959966117	3.12612084960087
2.33076369900605	4.82885860873208
10.4572946532289	4.01968804679615
7.18188995160929	3.46682547469698
10.2025555323071	10.9421011120141
0.168920028621142	10.4213533351934
0.667270086658875	10.9072031088683
1.67255658642148	1.13580967438576
3.60870157416434	7.34399782361654
8.6152232913914	7.39862248145489
6.50032800960691	0.566510614463799
10.4739964121152	9.10693098804566
2.8910642574943	0.246185321063017
7.40838998896458	3.34723230822623
7.07129084883135	10.6385119662755
3.26521007193362	11.1651880693787
11.8732955741064	3.36767027056841
1.13485387859652	2.18062944552188
8.771042793872	1.33124678333468
1.08839137984084	11.8568879020271
10.9944735675137	1.66436585956231
11.6120009294117	10.9696138863451
2.72429228935187	10.5553335833075
7.93912128301194	1.97067758295488
3.75072826846721	1.03450671155978
8.46171708039402	1.13948549293532
6.40942698815391	6.83983511975267
4.95718007345506	6.19752078016599
10.0952353218872	11.1812004494299
9.08821999763373	10.8626693544963
2.23466764802482	6.44982300463109
1.76439107415138	8.15137340976966
3.31101065267771	0.284730876572873
5.88431853805977	6.07664712801024
1.20139766293739	5.74332972395738
6.58456741037129	7.59329708624009
3.36901311511056	5.34711050738802
5.1376976665653	11.1727755252106
1.13016554790198	9.11439483135933
0.17197556318006	0.834629294028953
4.84557316907512	3.68304802929917
9.1787024754458	7.58036079731459
0.70278878334464	4.1096420114438
11.5071195710917	9.71350530947155
10.0752546939746	9.7850069989703
3.16658479325258	10.0337089973514
9.42342955529136	11.7104180260311
0.115519006334863	8.76345247277596
1.75145412878635	5.55006177738446
11.8221617701468	1.26432994377074
0.551859791253538	7.76840088016374
1.34356357028503	2.41990444015796
1.24012178936358	7.88354887542754
1.7549840469213	6.10502449373173
0.955985961217721	4.59959711688697
9.8203440171538	4.08557757233908
2.46957122402822	8.09821394574791
1.512726150975	0.912537652420395
10.9178216930291	9.76685057818687
9.18553900035258	6.83283385458191
11.4933312381333	6.59997393707451
2.23337954893285	5.64926766402529
1.8558310002418	5.02065585577239
0.149451837140633	5.01043308728722
1.03384519803921	3.77847693574437
4.51182528118846	8.1631698448914
0.538484163589588	6.38636477297942
8.90986196873985	10.2338096364903
9.58224832389751	1.78961580588182
3.98127131983267	2.98990514787886
10.3746125822688	11.1513355681759
9.3572908328961	10.8271560766691
6.62928074748187	9.12804731831924
2.77695865499063	2.43125149332866
1.83174945293072	0.778648843560454
1.6339623860137	10.023490411513
2.72668054300121	2.12175376747515
11.439633811989	11.3564405789021
5.97981966115734	4.12379865189189
6.66839245214762	4.97104155463908
10.6380030588804	6.77183798286701
10.8288097691514	11.6168324978474
0.540512627886673	9.20498272193028
4.78568700555141	6.38662527103385
7.84032114879958	2.51437611831917
5.75468398953344	7.31778499329769
0.101972389027536	0.315127341938352
8.13229074990454	6.47984765042905
1.44161260742785	7.70652889404481
2.57850171000142	1.46835536035276
1.42505966057576	5.90851461436508
10.3022846690755	5.91304397530121
3.57538977086891	11.1363586567429
4.81786547277262	3.38775972165778
7.37839604800379	10.8803459955446
4.93444551038116	7.29782062153981
3.02862503943598	1.82366573202351
6.98546626894308	4.74273047300818
11.0418160360924	10.0034430662954
6.65917728895688	2.05009593524745
4.87176941631739	0.317837195514052
4.69745354733273	4.78786527636728
8.25428479381664	5.46862551332866
6.72887995093854	11.3749088841004
10.3871830671628	0.608447085029731
8.52774382543316	5.40584926046622
7.198051771989	1.29352958071123
1.81032001163148	11.6974542448464
6.53622889179838	10.5050275063328
8.56093405820919	3.04950597378851
0.152500033496134	11.0404948763046
7.1288914997353	0.947903769126854
9.37524518445105	9.42200483206518
4.57565135289168	3.37380382458415
3.68596860131098	0.775321009951861
7.09731518293941	0.487431580202073
6.3044072788929	9.73229885468311
7.56425781559874	2.74020976556294
5.26154139282094	6.07373738739572
4.73920457079476	1.94975943832527
8.44289152087871	3.84017888120383
11.4363082521134	9.44472790190394
6.12474811469836	9.88907989291052
0.252667478510917	7.18865733271386
6.43369616024269	5.79488273379635
9.21614526381651	10.0075186457614
10.5630836878835	10.39507906146
9.59013496661323	5.67744892914579
7.30940884660539	5.23100809602832
10.6376646818424	5.97874016103459
11.4609562455911	4.03168061473314
2.81229794260832	1.68141961926999
2.90350300058326	5.19403110743282
2.16995028032524	7.30904933780865
10.9800846351184	4.24258503894753
2.71330379206299	11.0441078554474
10.4745756760562	2.58755238561373
0.826619003090675	3.27902037958209
0.803748856446822	10.7449005788174
6.72495193098005	0.363935752114227
4.30202034151045	8.27782531376915
0.288510089259865	9.23030680364291
1.64006429358953	6.75533566865337
4.26309451851374	2.57880744900013
3.91724918817724	10.3875518739593
2.19466175438846	5.21196673409307
1.0538646946276	1.51506000146982
11.5916172306235	4.22707368263935
7.84378025798558	7.3546813832464
6.94699260508261	9.54336687593012
7.8959106613661	9.05994924959933
5.56573204229846	1.26194989681352
1.36421182256077	11.0458906411402
0.188119906228521	5.42540534799429
8.90347756518873	11.6997958509918
6.1508363415111	2.46153382014196
3.39372910107052	9.46731055028506
7.1271593530912	8.07276584220737
5.37701626316793	7.25230187631731
3.46406646984643	1.14096395245049
9.97529208714172	9.1696757400502
0.834274174961798	0.701247171572147
9.4238327118384	3.05401215083892
0.306542431256133	7.86776603436498
5.29356544343398	8.59129246727336
7.88517337149173	4.40403930395106
10.8379552387129	1.25788601010422
1.32263933724903	4.12261173379286
8.04593556708593	4.16625880262547
8.96684627591451	6.57168313382906
8.8070569118516	9.88166892587799
3.58041864205242	4.17564488144694
4.33891754735811	3.85607711530116
7.75970153622465	10.836345553387
9.45560198976591	0.418668706952511
0.39515018635118	6.95665039435024
5.94712161817803	2.33275335208671
2.32802672835259	4.44335249916345
7.3152354761311	0.199903398089484
3.7207508242649	8.37005201960087
11.3532594324794	11.6213339685989
0.654512011711109	4.4719099712089
3.53207735009824	5.22598807466761
2.94416979399159	6.74291790105004
7.29325580175903	1.74395449116404
0.565865990131653	3.9065655123304
8.95098981460365	9.52834045423102
0.722188143637183	5.20834418183229
4.31312292414943	0.351279905180882
2.14944318798843	0.490371244370495
3.36646781629848	2.10733972866125
10.1966359378387	6.44321185606861
5.18247662707519	2.34827178986467
4.06469158481896	8.28413524658958
3.81756503283825	1.82816549470148
11.3708801370746	8.47829970930337
2.64606236389612	1.92906084481637
9.18062218725311	2.64263129752987
4.08495186185396	1.78408466347466
9.35854977356096	6.34414397012065
0.109446831620751	6.41080682545471
11.3076862131434	3.73914787835604
9.30443020864822	4.32922158884513
3.69159033263126	6.85656847613739
11.5353488130721	0.279589738213995
8.3911300175213	0.874159127905494
2.08755493342729	10.5866513701912
4.79655464880938	8.28060025502766
9.11487734632403	0.490653380843296
3.22028635070641	1.62422930745721
1.44638661723099	0.107209133142611
11.1448642647019	11.6703950108275
11.3187828364695	2.01772143097929
10.2269507584423	7.91307108942671
7.38172588437858	0.843059355934825
8.63853567618882	11.0951988919412
7.60791199728625	1.99231377502127
11.7350620916539	6.29376574255058
9.53877589954404	6.15657341196242
0.678577442784047	8.02468123525252
11.8088078886643	5.37440199604963
3.76621670727166	9.00364652311574
4.10913848969341	6.12003139533029
2.89668387377498	11.3617945732871
3.1137271244236	3.7394278152136
6.61266036407877	6.39788925658575
7.49069521921513	4.15152681308695
11.1487205870762	4.38256441311722
4.57072573622605	6.29316339692877
7.06261012292069	9.76467799206057
4.66119130984037	2.3367969518102
9.82941211850808	0.932108121021425
5.52678054558482	3.40020820567685
10.9362126003577	8.95974742441085
5.60522842506534	11.3511993621093
10.6922067132926	4.83431707384881
9.36005845631224	7.0537192756502
5.72256202445266	3.17544979414475
1.92578181331187	4.61323665733684
11.2686365543173	0.721435252968209
11.4578873356702	11.8973409908732
5.17606388414411	0.368491150651694
5.26823570811219	10.8302720283319
6.22848461867413	5.73421303845218
7.94931762873483	5.39923174358679
11.0286501708256	1.90969813763779
6.72537799783813	2.69209979808595
0.634191803431756	9.45264501734568
6.4851541283553	11.4646454168122
11.2363887777248	6.61655692651776
1.54137441597309	5.04639314937025
6.20909397534521	2.75800949852688
9.29418226879145	8.8065302811297
11.408585692979	6.32059083083334
8.48080828742483	9.32935638878471
9.83512331445705	2.25230816197852
7.26061214819407	1.94996411244365
0.519555478820144	8.91734100812742
10.4477537628637	3.19180564757794
2.82126900391735	4.5178386030118
11.2886969187826	4.14516744108875
5.00554806908566	7.75003933691816
2.32201177986306	9.10870755069815
10.876192577807	4.50621167294997
3.17147411731932	6.4091934973605
3.19083386222708	11.6250804860558
5.63877195917319	7.68347905470847
5.40163474245067	9.69723826520959
2.50836211354144	4.0012357810837
1.92196846873303	2.11047654078013
4.01527530034636	5.22881457911442
1.49083710441923	3.81016808875703
10.3500943227699	4.41825419775832
4.66425048575237	7.5638840306263
6.09783665089217	10.4014516142653
3.99531101632042	11.1669431676807
0.392769211206495	10.1379509938662
1.51746524776224	3.12775411205813
0.814194074852435	2.49391042470345
4.12831990991341	11.5396841722709
11.8590254885852	7.27554361320087
9.25368773598765	1.14215963428072
1.82138712968641	9.49564452742509
9.8064364684593	9.53247032475663
8.88514454036536	11.4711220074281
5.42846874053662	7.91489708478626
3.28508283358769	7.40257628665714
4.05004666207333	4.90761747929954
6.0615842791338	11.8126502741583
10.6280151463207	8.62124881710779
9.05889908936189	4.13728095740569
3.6246749699224	8.06480665001259
8.81856312752558	7.53832056480897
3.36493916751552	3.04720861370084
2.00683004030949	5.51853014188844
4.66429837383849	10.9204638743526
6.65231048155654	10.1528241712163
1.52756119718555	0.418183418208798
5.37199315363714	8.12377625055082
1.04228936973713	10.0196737116274
1.65157310527526	3.64052633837492
8.64177943341025	6.11604552801905
3.33611145510867	6.71993962395887
3.21759125148262	3.22797178419162
3.08450783435231	2.32798114978249
2.99709485257864	8.46459219336203
2.55629913499113	6.23374447180771
11.6899970609777	11.5709611503557
2.90003202086541	9.14060525178756
10.7995723781713	1.85829095652565
0.208904845842822	9.01590358639553
3.52076467651556	0.12025337962472
11.1406024800246	4.60794883389351
9.6468801007808	9.18045711039221
10.3592600119715	5.14938861559011
7.11290231371439	7.60513574184286
0.434826881881074	5.62368505274083
0.775527906237885	8.41273294871297
10.9876723231523	5.12582913464675
9.93213707618956	5.86902520559786
2.88376456573546	7.73004807194863
8.17882078610615	11.7898305262256
9.00732553676658	5.6976756117744
1.24321532234098	11.4456697280292
6.40836618108038	8.20277969929277
6.17590320147593	9.09243644783696
8.75819817604787	9.66514127511941
10.0801798606599	8.49738031959048
0.168288928853997	8.52765962536948
10.0856339526343	2.13603139584773
11.1959609932813	7.58136163974626
11.3031084851257	11.0827234960896
0.10804564494904	5.95760375251061
11.4291008235339	3.4136870722976
4.44942297187417	4.52606634988761
5.91771972321236	9.23241331155983
8.07352029867272	9.81558271030415
7.2887017732105	2.55576282276031
4.88915574655395	2.2971907211275
7.37231650966817	10.4820541762955
11.2030011739087	9.75298800001772
7.52995283670136	0.490086941596478
4.75603537428417	1.51839819223402
7.45792790679488	1.06880835197759
0.611192491409472	11.2804947788967
8.71137279862168	10.3602947312458
7.55984578182204	6.22860062186139
7.8463445372914	10.452235233691
7.18492405546965	4.71341121456046
1.07778024830652	6.25485109041672
0.848910871143845	11.439005449799
9.3294062102246	7.97660465584331
0.603385123002318	1.75359922121238
10.2008460140791	11.4957818297217
0.126519795358786	9.36978066023382
10.1746935856031	1.4375577238143
10.8120460403461	1.51494006732164
5.42728174648195	1.01455545451186
4.67255197614718	9.63953131059495
2.48102595534688	0.601268119950342
1.55614103617666	6.99207220222028
6.19257427630916	10.8309957305211
8.78961401641726	3.15919548588539
8.65562643968596	10.0489730235535
5.99476326766544	7.68573291016458
5.88281596837389	3.01048889036186
0.102571237611047	1.83961073553161
4.78322446963376	2.51137185134186
4.87375576556657	11.0270188751994
0.243456165971496	6.24018766265862
10.7442594924221	3.54029666153392
9.61914090169265	10.7286799439302
4.72939938726685	5.66351166283247
6.49306486199679	11.0074398541976
11.043487221978	6.34934210404193
6.64967806353504	4.02320528094943
2.24801916851136	1.20116898931926
10.6747082519393	9.688720730676
1.82301025724522	2.89024990838841
6.10193086252117	0.769936624340192
5.40062022907691	0.472455423594108
1.6175172426979	10.8766953020639
2.81331150390562	10.1157740855419
2.85257486893529	7.22441992823273
3.17276915320564	5.87040695233769
2.15485083165813	7.74966762277396
3.32383546141441	7.60698378200567
4.15946903011321	3.97958894685621
3.09901965027851	7.52150997821215
7.83708181238174	0.138599547186061
5.46944594887606	6.31218415608175
6.698680683615	11.1469286803765
8.56259682200202	9.5372390998041
2.75129131518395	3.19404922925483
6.12266310230457	1.02255783087935
6.53454272055776	3.52689837999359
9.52917975158959	8.3576171666355
7.72830429563152	4.71966138690309
7.51438306825171	8.28414153472153
4.92856866107901	8.08549272826668
4.25452916085617	10.4936413447324
8.48734026500188	6.41861814368872
1.76951422272177	6.36694973215801
10.5655752543711	2.02020574764885
11.452651745361	8.67625343938478
6.63288307895119	9.70435468854566
2.32851724126884	3.86125924630241
7.75032005461568	5.47528134477761
4.59183157143539	0.285804856481547
2.1735521521022	1.53967147557059
4.07514186373193	9.07234259671886
11.4892750109274	6.09286106547986
6.48472817358765	1.25871788418636
3.7197701785115	10.520244811385
0.706501963523198	3.06979076840568
5.71408813540999	6.90519215216401
11.2065552225026	7.92945413677288
6.7578211094672	0.749804919750323
8.94414668042247	6.29897794378416
4.14093042722061	7.39185812001428
11.5077880698161	11.1538836694133
3.42161081647812	4.38322504918782
4.48473794199151	1.58849537974918
1.25779660876634	3.11603418713781
5.87831605393657	3.91665884707093
3.93300216483867	0.138884829780594
10.9124777948866	8.69181002613224
8.75514231177298	2.51855865084536
4.62471265195614	10.7168952433681
1.87039376688638	10.1203040735893
8.91412101018065	5.11491979679439
6.77994428496751	1.52046641414918
11.2219610961885	6.01821347976401
8.79282607485303	8.73057100560447
8.37352685830249	8.53307506382785
6.82724204043141	7.48863724537661
6.48834074368538	11.8754889971603
10.3693466756162	11.6402887436897
8.0292597087815	4.80004665992928
3.06840147595423	7.26795836096042
8.97213669597417	1.64522332294389
7.36670482730336	5.89873238477562
1.01170365057452	9.48947517598644
0.158193475846307	3.62778528204507
7.69995544553589	5.0205467203538
10.487794077972	6.95729192663679
6.7146090708473	10.3991950734954
1.40039070576532	2.08912657525071
1.3038077693138	0.303026937073027
2.2652785668327	6.06759242603103
3.17605297315391	0.733549056040539
5.77872908055346	1.89708401605798
2.77502880912528	5.82694738276045
3.63204138252263	3.23560038217517
3.32677568205204	3.69939153829424
10.297064309453	7.71295263462446
11.726949236172	0.114110211185383
1.5337591597999	8.9639936301975
11.8343141054086	10.8978661908486
5.12027538061482	11.7190112951069
3.97897829269041	8.47499954160897
4.07159002598956	7.72664744036159
3.0833587742737	0.103566185307208
3.92766402826707	0.73331684031895
8.9172629401534	1.89172087913644
6.08542100186922	1.24057907952779
1.72578726764211	3.19621467770342
2.63565440609053	4.60371688797574
8.13074613992865	8.1690002839059
0.180095952015449	4.7595740762737
1.08622483539152	2.43497170234015
8.51988926334641	9.8975132481354
5.53293783709826	5.78195606982645
1.33042816732414	9.47473599032643
9.13093023147236	1.96967073199626
11.7622902789658	11.3525071503947
5.38281231832976	8.91751651701114
2.52425242304034	2.52183192182406
7.5534436179653	5.82064142078877
5.66705467460894	3.57459700241233
11.8789755596993	5.60930239521308
6.28081563517236	5.32974915646537
2.8090397766679	6.91379123167912
10.3541886174685	6.30080851948641
3.59907253005218	3.49988993152772
6.82709457359758	5.15331503568707
3.54480379918003	2.37393298339044
7.22894413417957	4.37410352478949
6.47699402934462	0.825955282742257
10.6121916120492	10.1755481221271
0.491876526571449	8.1193763671591
2.98280425571145	1.13544699397045
2.03605680422732	6.33701516720479
4.40385052372249	4.1657646204825
8.53293762427892	6.62892685563776
1.13664447791366	6.85731524698831
10.1625092967101	0.149633172651938
11.8381008035327	0.786009196680234
0.865066042839189	2.07653052230977
0.399921306429195	5.41719979671723
4.53731833616066	3.7117553820198
7.08710942670041	11.0515573307847
4.69888229811147	4.32047017944541
7.24487741134626	6.93007487841983
4.33296289075849	11.35309607218
7.22927955127747	9.60448685717419
6.14392032959086	9.45447849924957
9.59980550918613	4.33893693866031
4.08502840548763	9.936846072105
10.4424860362074	3.75102670611466
7.54994442446998	3.83331806066121
4.7980255368937	3.00606779169411
4.89829352660084	0.746653811709344
1.28939503323742	6.05998226073007
10.0325856122807	10.3939119801497
4.16710631465771	0.516736995900607
6.58607811809402	6.69637557265385
8.99393895779897	7.79122352774144
6.87799228579582	3.1243141540479
2.73438557313939	8.01301592156313
3.99101732540026	4.08941448260613
5.20277650301819	9.40959608669771
9.89783301866497	6.42942059403676
7.30940967203086	2.34118117504614
9.22622252912523	0.936115494870537
5.26970997711112	0.86392459515196
11.2351855333793	10.133329973609
0.468363553564472	7.30083024949457
3.72259105980572	2.26140688375987
2.21490081567797	9.35099394445205
5.78123735201022	0.789022159413168
5.37621870889723	4.69101050005364
8.57151174751904	2.00880058510106
2.91640644269911	10.8061887564044
3.2849428960809	1.91888686781828
4.43119763706367	6.14595367018416
2.29495385447226	10.3909384766344
11.7740759040015	7.91109172399968
9.68222155594805	3.80008185931486
5.35450718457926	11.7867825470878
7.06684968681032	10.4251701438989
5.27487643004789	2.0562405942261
8.91475757660729	6.8766359284075
5.16762587993275	1.88390380199239
4.9036611062338	6.94293316334379
0.510336768654761	10.5599697116852
9.38280115677575	3.28440729376614
0.748028111667583	0.496559387412444
0.925547056728003	10.9243749695363
11.1125261156753	3.49475232211575
7.32926960838415	0.618714330645097
10.9137634410918	7.50835857035648
3.0150929179186	9.80943738965898
8.98629498390685	11.2809233933946
8.7790422982842	6.67783656087794
3.10783048919998	9.12632145116217
7.97568154357047	7.09676548120038
6.38013884682167	9.16735369351742
1.92662207395046	2.34829994749498
7.12153839744288	4.09369370844355
8.51725611326056	6.91369443088028
2.57791447477823	1.23034080054886
9.69931845728842	11.337709732088
9.48640802902869	9.91670336673569
4.38129131443347	9.85412048715119
11.6943709158237	9.05772380185357
4.53076403217752	6.77266525976697
0.177247245033242	3.05324728252559
9.42982696597061	2.68152947035512
8.35645487416529	11.4234848571435
2.40683687138922	5.39633263712919
7.37784484480211	11.7613115277501
6.96640996109845	7.28495463437977
6.62497045343868	5.44724711087404
4.02795981799273	6.99360588705159
2.77597197207971	6.5419240444275
4.95004529768945	5.62590847891407
1.56417919915266	4.48577191517789
6.05368640428324	3.66265951201967
1.26899169351809	6.40265612857963
5.38193334792294	1.42879287442948
3.76808345741015	10.1578468402247
2.04992808256253	9.58777430541407
9.39823542513433	8.20411400736298
1.40370373120142	11.8469771653436
4.46608899404396	8.59457613814596
10.9325236913392	4.72528729446882
8.97489887445797	3.95184690092384
4.06092396189506	11.7711808408976
7.70151155481886	1.01569664961479
8.76532532032196	7.74884623638608
3.73352166766665	10.9152700631618
2.65083752444772	7.06122576339453
5.84295925205578	9.67427463277999
0.224884169419855	6.84338342436602
2.4410403680676	0.240614640723479
4.13870437723481	10.7214256289385
2.51717688464174	5.66690532968454
9.55580431853223	7.48059192419945
5.03004110106648	9.53805508933045
10.1775214907964	4.76284399788146
6.45353197266654	5.17994410411534
7.75348493499074	9.66926190441958
3.27098593109249	7.89773871671698
11.2749164264298	7.27893694790077
1.58581453274982	4.7761188052788
6.51534390193921	3.74841207862339
3.91633306010827	9.23016568279478
6.89132224612188	3.93777607844966
5.34517308705646	10.2502543170012
5.6878352205205	11.1314876590608
11.5629120403592	3.81735384804742
6.30491013918427	7.04695862956373
6.60066426249523	7.11552614744932
8.1464392565221	11.0478556688712
2.1292767238421	8.48593032297626
0.252161524060472	1.14451381766749
1.83129037273237	2.54771600105121
8.60064304074491	3.24891060109979
9.72893545128408	7.27476053923258
5.63391161149358	9.64641151633285
2.65266256817661	9.76494530893315
10.7888912585168	8.40067122196584
9.60402566963186	11.7967441423246
9.76779457108716	6.18612153896474
8.74165588495912	1.70611079797514
7.93900605965159	2.22512850215323
10.8906956398914	6.04258498478388
1.87266732511038	8.40473053526291
6.77849286892534	6.59964537763924
5.71605771041657	0.314220220692159
7.10126011721984	2.43660346732064
5.24872592758279	10.5122692506278
0.450739388157418	0.488493056092739
10.9935862808606	7.9746551575275
9.14105543780136	9.65695393273222
11.1742607129179	1.07202697579178
1.78999766000319	3.86317274893373
9.82379935561263	8.51287500941162
7.8187763104938	1.76068743263445
5.53046366011415	0.800576879498065
8.28288337783596	9.75681128110859
1.03741395523968	3.26477133342104
0.461379334619377	7.52995957412818
8.34818968390523	6.71345401020487
3.82491027336786	6.31416848542543
11.4868351620664	10.7316642256533
8.45100897213003	2.59408103745152
9.24075669521683	5.0289122893778
11.0844477933975	10.7649772447434
10.8143983946675	7.74214535764501
4.46794396992827	11.5641298190791
0.597574397829563	1.4874937391419
0.133958904254867	0.538876745416688
3.432028557095	10.4349483908162
5.5004756423918	3.1373620423035
9.92435722045306	10.7871297528721
4.42808236904922	9.1171202886073
5.58334968187055	5.47148528030938
7.40054023429672	9.25149907065408
5.47268458206674	9.90631523059401
7.66239008333099	11.4835411120782
7.22151415101656	4.99644353774897
5.88356226668274	2.13650611942534
8.20702832538275	3.79832641154443
8.99958437866514	0.268247440846899
10.3922098931817	8.24082740735921
9.21933331343852	1.64630639227082
5.75453131981873	9.9058707195458
7.86916797512505	7.69390265144308
6.56243081542281	4.38790856991945
0.593793556048727	10.3014649925881
5.20304383892003	5.80173799684715
1.50949433076045	5.70497387090062
9.93663061282651	10.1479219302605
10.8809977231942	2.54037815005597
4.2749949848693	7.96521693869758
1.58501471873259	1.87854949204374
3.36287627903678	4.85061232835332
10.2628214961967	5.36836722306314
7.53233177333599	3.56844197310386
6.97609820604937	4.32493260829113
6.2632735415793	7.68525087973331
2.59286021810093	5.94107124836003
1.36053289634787	7.17535285459739
7.2635217414406	8.25054560321333
10.1485534160582	1.75915898954449
4.91231559889065	1.78068164990563
11.2311526318051	8.63778967334483
11.1739231224737	10.3398722936594
3.50905733135732	0.324062300194774
1.38609773948301	1.52700005957545
0.764271413962434	6.34086263850637
1.52895213807138	9.40782467283013
1.44968209170014	7.91477722575467
9.33042903049154	8.57174202971854
11.3075942051326	8.23583207547521
3.58596297991523	9.85067954830513
11.4556690864869	0.819705504714818
4.69631047437195	4.06403868972005
8.39702435455523	4.05686806254353
11.8500312831621	4.54790288362148
9.59584191625456	7.73935161572691
5.04850652857265	7.0881708319756
1.02330042060564	10.725111621321
2.37896791015151	6.59154054705681
7.74043232897995	6.89972837660075
7.24877329530786	8.66631341694178
10.8141378918502	3.04505926784143
7.06466484439517	4.52390745432403
9.78204904869244	2.58761212167379
9.95866886399499	4.36018974589833
3.41574457583033	11.3566782098869
0.110074666227829	4.17305117927276
9.13219496278935	11.5455172346582
3.02236773776943	9.49874957143465
0.80857083576797	5.68558660711583
11.1694682369139	11.2605133182315
5.84954958296589	7.07816238135335
7.6357428160012	9.94970687559227
6.15128755763897	8.74706167455455
2.22720238359854	2.76148518983147
0.843338020817109	1.61125384238608
1.0040492878578	5.5981660581625
8.25536210530448	7.93462362258159
9.13573938771698	5.30845465732854
11.4623791079035	8.94965452378771
2.37065094672619	1.59787602103529
7.79859034859471	4.10329022621256
7.45763439288055	4.34916835238857
4.41273369840258	8.80983694682711
1.1240503640126	1.97221021478207
8.53597216104223	10.5808278022548
10.0023892996144	7.3575818873584
1.40949089658629	8.12180476153029
0.201653748545436	5.21303267378325
10.3767850092219	11.8645571918598
7.97685544450499	10.7878107239157
10.872262919168	2.78412526407421
10.085011814722	3.60886264978399
10.2728516182886	7.26939749276019
11.8839974809491	2.7365117185258
5.59220676162642	8.26603538061465
5.33610054014682	5.57059874452298
11.8777816932877	8.89959737267664
5.04893269434897	2.66730474668585
11.0342667352483	4.00804889241281
3.62058209831845	9.43559641942635
1.98358069977846	5.19272761840133
11.07311386109	8.22956730182227
1.66362481045343	1.37308362622887
8.68579501112401	6.36768629640062
9.44425458947712	9.10679278783038
8.87555331794747	4.62633142081044
0.317170568137513	9.62451150948733
8.0477817616826	7.82244400980722
2.78122567472371	1.12269575562906
7.09472174161023	1.55825549245208
1.88355022046765	10.817668511027
3.06734726775479	0.937548082551278
10.8609247560193	1.05338022759825
4.20249284315387	3.41270462980647
4.43065122717	2.40046881109322
5.56901473849207	2.09051297178778
6.51270314485812	9.87047478175
10.6486844334256	9.94246131296826
8.43128641392476	4.60916688058419
5.56689577671005	9.02899420297017
5.37275141942908	11.5149576045609
1.16787555211968	1.10348000708275
4.64178583437155	10.0628303228531
5.90214839556458	8.2451512818406
0.88393050606076	7.11433546543157
7.50109100837697	2.25555747318717
2.24809461406436	3.29779394752447
5.8906104200031	4.89511104231172
4.48995740847743	5.88125159299873
5.34984816386248	1.7996842040953
11.245345176901	5.12170373028167
5.83695346276654	0.125130300389266
8.10139028263516	2.99397237311822
2.58791530125842	1.01966359323414
2.75697275282503	8.95945126689652
4.13596248193425	11.3153218687338
6.86369896308843	7.93543251252615
7.32156097344008	2.80731054613477
9.26534171630364	5.78264079367837
7.933678384333	3.28523858177719
1.03966188592246	10.2289852667627
0.296556538845722	0.178908037492786
0.416336719616785	4.5930485492727
0.159541045672459	11.4260710680362
1.64658483170055	7.82626229565699
2.89747293839901	11.1499900677954
9.59669076673569	2.85796778992058
10.4461624093468	9.6687370167223
3.26485070013225	8.93717311937712
0.517817440229488	4.80824662502068
1.99858472458246	9.38400809131415
6.17617311833946	4.02416855532224
1.76449779298242	0.514898624090996
1.1253003130592	4.96397896974175
9.88667999806776	3.22745923364996
1.63862495884526	9.65268814188919
4.21822045345249	4.73784908334401
2.15870885092234	3.69099052917927
3.62339016758969	9.20605878756733
0.814973425420544	9.32976070621388
2.252242749416	6.80611294994997
10.1863329156045	10.1327654914172
4.23549138362779	2.84413494516496
11.6051879812603	9.94754687758863
5.33395368049749	4.44839196475831
0.407316038810468	1.90791655053344
1.70684393073742	1.62338053237708
3.54739800807205	8.76656938445726
6.40277097718073	7.86053073789265
5.68877398531238	6.25796499667392
1.88286394872292	5.88425274314028
8.60815466927909	5.80096503971399
2.56706485078526	11.2972640932244
4.46393634452077	10.3256034710167
2.73413287196288	0.390966846148939
3.91524477214223	11.491321687237
7.54207551128575	8.93291635451934
10.182203928583	8.93620547514226
3.06393323415653	5.44065546690885
3.3404696241319	6.26458122540255
4.44515947901939	4.89313807909909
7.52412800990321	11.2751829846246
1.93093844763158	7.71034406626143
11.4863792026322	10.3157196657546
2.85670845417607	11.8153589425809
6.96723210730858	1.39858307054008
10.0018382208522	0.282709076104523
9.81992240009614	11.5708982112857
2.47192305742536	2.7611985811083
7.55222062089976	6.50574439547721
7.91434204597508	5.64213976035523
6.75225154175112	2.95224017901981
5.17624308714495	7.27750975311918
2.70894248052291	11.4494954483588
10.5531075618131	10.881105752287
10.4297071931842	1.42133546581496
1.37369882764306	10.017293913094
2.81303575106825	4.7761533725003
1.52250604292698	11.5569669344617
6.78680740048072	5.72360174610538
11.8150637830642	7.6494702674275
8.68525335656945	9.29668366126153
3.59362015831062	0.531014629955981
2.59289039101082	10.2951444609341
1.67932107554402	11.1142425348888
5.44890622163342	10.5444014232024
4.99319581785724	1.18104194897013
10.4497233540224	3.48506515674171
11.8612493752493	10.1099004790955
0.486962491040625	11.0584456237227
10.7190712768152	5.71673636955001
9.87224565894872	4.9488451558435
8.56061675900145	7.59555569919548
8.53221689050626	8.9425970328964
7.24228803178079	3.07065703706985
8.40327510331096	5.8002791811085
7.27689571672709	11.2680954158663
8.20835367937649	5.68120887187826
2.75294060779346	4.19240198600736
4.73465679939009	4.58051039353249
11.0490225413391	11.4661892713889
8.17499628121087	3.36322430950468
10.1630060671104	4.27416876866589
9.79629705747037	7.86259381157745
11.5700607207593	4.94797337528066
1.82778151205241	9.22452666014794
11.8490039794154	11.8216730525391
11.5521772148267	9.23398011552721
11.5388886775172	2.23191640422915
3.19410195478214	3.4285552009673
3.87121103317772	8.10150595003408
10.8934055355526	10.268558209855
2.5081300389385	2.15477230908952
3.52962527462313	11.8602844643556
0.123178557541712	8.01234112431439
6.56253621755957	6.17979879456944
7.8117679646218	3.77016200195058
2.56845036391948	9.45628962369207
2.1156101964496	10.2648622473063
5.54176330530298	4.04908916473269
9.49056965630877	10.3624820575224
1.29571697283799	6.72675836554552
9.26212286155523	10.2775013023031
6.63427030271149	2.37664155947175
3.97111335565769	9.57194764999313
9.89195799941232	3.8244066556749
0.569430983012402	3.41229031210668
3.96576330654747	6.5819605861623
8.97350078130425	0.858347471666119
0.279684107848182	2.60874607261957
11.1710246334105	9.52105463246108
7.11473120387765	0.218445201479615
10.3185582457552	2.16333737649574
10.0653089508319	0.584343651621156
5.39619707165259	3.66142246981632
6.21786592436109	11.3030773133637
2.30831731156525	7.0556616447231
4.2655595547773	10.9326435490964
11.2002106289967	3.05478602707112
0.670633155777359	2.34209900059252
6.25452290799339	3.0792980716072
5.64204778306979	5.06256509290787
7.62116410793554	7.50070113389051
5.09709153752054	8.67666420758721
2.35634631362249	7.86098027207139
8.82876779617565	10.8321154926565
8.24868096211958	9.52880322949109
4.98125172583757	0.120766966864631
3.61140392287586	11.5155620903641
6.35216817480372	6.48046284522337
10.704459073655	0.387332700500065
5.78704005442121	5.61583819549763
11.2127003251617	7.06777071955389
1.38375742791992	1.79658544148524
2.75491877410638	9.32233285101631
4.75909591377287	8.68711725546695
7.90850615546694	11.4861847478942
5.56123144414594	0.100035123019362
2.44904801879534	9.89963694420098
2.40847876000197	1.35491167818574
4.62736551290985	1.76984620923089
11.1884995313542	5.75163272564125
0.283038250354038	2.38728326610493
4.50019456515605	0.610648916934266
0.608880003118228	8.69946811292098
5.8258662720879	7.80518219299224
11.8696040334108	9.43688043495868
11.7418477477698	2.29664460859087
1.04766311265124	2.64101657396731
3.36677337972497	10.9220850961721
3.25444740599441	2.60630982164066
6.71685466060773	10.9273619395214
8.01794725016879	0.462108828859057
3.57538451468834	2.0949354387451
6.40097819263288	4.98280840408276
0.991196363914777	1.24574130578236
6.16754881024843	1.85087965129864
6.92914112923223	0.104157426829782
7.50907475357948	8.65074776755343
0.209270175994149	11.8332185314922
7.76462507069419	0.818283642593419
9.32486149010956	1.89258340466331
1.06523353820413	10.4761947301869
1.79254319370973	6.97771396229943
6.90686503894621	0.551894507396787
2.81359515694757	1.43587801797855
3.76606787927782	8.56512120787144
5.28822934885194	5.21071003613906
2.131707106363	9.98484248069699
5.18880314948524	1.04998525950483
10.8528974313917	5.52929053794473
3.28495594186374	4.13852960325641
7.67211391249133	1.5423769577502
9.11535674794649	4.52389066060666
9.51823921017817	7.19043339877062
11.5219407988918	8.33690441333168
3.34135764317381	6.02767751224502
1.99094373807232	6.08700373819071
2.26995546337843	0.135249121204423
6.48169088646709	11.6755449644257
7.02292539685804	2.79167098164028
8.51466928552449	7.85755281021856
9.34221324994284	7.69650774008529
6.55739348166664	8.40426638557771
6.80452191719264	2.49010144802073
8.59207928552921	8.67772433500089
7.8956981654752	2.71651199456823
9.12674452287673	3.35695700110143
6.37028287144737	3.38446562671331
2.63153302407999	7.72779371236389
8.16087077852319	1.98396539842842
5.88530271064885	1.40927713232257
2.47699189135867	1.80137396247471
2.6954311069603	2.66232783859795
3.9365044702051	10.729023976313
9.33321661230511	0.703689952330004
0.479559029146111	2.4307354216051
0.722099118566397	0.88747624767177
2.70615613486913	2.87875019257731
9.25812721839287	6.53360258402721
11.3649272489025	2.77344433757195
0.803176550563816	1.39651753059506
7.7083429952026	2.26066418662094
0.81948218720742	4.99141420334637
0.308220606810867	4.08068519281648
10.4147166627969	0.941421640066718
0.429430806159309	6.00997029036369
9.22276255261568	11.0271827533612
2.12503781859161	11.1727973952063
3.18805787571605	4.53996711551882
8.49631982066088	4.36759044102982
6.12084350905157	4.46626440206361
3.29293872392052	10.6832888662242
5.11302335270832	8.47243261598996
4.82002822177724	3.90406780620767
11.3066753606788	2.29307373369243
1.96461216276016	0.37278002498614
4.99297119073406	9.03313265060458
5.93371586968341	10.6376845857581
3.62434061653187	1.70095785436598
3.85348265002404	3.34637876263863
8.14857997793338	2.48024548132873
2.63699697774341	0.106830019775
9.00663194472217	9.13630103787498
10.9215219406205	10.515525141814
8.83328143461486	2.10165757181747
10.292503620203	9.33352144217737
5.40397508545504	2.95192951240767
3.36611164299792	5.67156011304192
10.3122416313646	7.47723170751581
6.05549740543114	0.392949055387823
0.819513022598861	1.8592948403819
2.38149005323535	5.83046833722122
9.38842568078049	6.69508267929318
3.93939006658319	3.87490133129668
2.63096814336594	10.7829760024127
1.90858301147201	7.23179186401273
6.30595821826619	10.0219197792376
3.26265078079452	2.86050316763921
6.70850924458989	1.26344088310619
8.18659191262866	0.336455409446218
5.66372812830755	9.27018280177471
0.276074517780037	2.8531200966771
11.5702002188854	7.5894930042099
9.82652890448683	5.47386392430144
10.2186943237892	0.405065107041688
10.7000812338974	4.38707562973716
3.22609508089628	9.31199009774094
5.12090494872627	9.9930819591839
5.87674096238929	11.723920359166
7.62753480801342	5.25761941000583
8.4729339253182	2.84260855751399
2.14845191543303	8.89170964214869
9.70752049912499	10.5057252039044
0.133073434832875	9.74474137382601
3.62483466157645	2.69303398835998
10.8053005144003	3.76726344396718
4.66881224858111	6.57000439066742
5.07673974025175	10.6692205969071
2.3680325585697	10.6426872875624
11.8021685532843	1.03868580151887
5.19987388423223	9.65918007042074
0.511263854556459	8.35072018713227
10.4613489421285	7.19295616007905
6.36801525183582	4.11276405611357
11.5138168123529	1.35937201095775
1.15125217310667	7.60851989174983
1.2691982393204	11.6717858708783
11.2171496892859	0.204422797297752
3.42644526042678	5.05136523366896
1.58118941459309	3.39354316458547
9.77779943803388	5.27221601256283
7.50957394344966	10.3041336727187
6.71538396560843	10.7119572704795
8.75817998857916	9.05986268040933
3.48451847409286	6.94175415038186
0.295519290951604	5.82037241092918
8.64158786010131	3.76539453128408
0.382052427379669	3.08537680123398
10.1203143468398	6.01043450758194
1.55288567728983	6.215998023962
0.988218724219238	8.2762705384585
9.8226193017744	5.67915837400014
3.30503247659185	0.981467217722224
11.865146185955	9.18301462318657
10.222899521053	3.8249641771541
7.99236995486663	11.693301801167
7.13320291442249	9.09969447753475
6.21606619446283	1.56369337541447
8.17582523880365	7.11683120107712
1.88617953711843	1.06818942788385
4.16785317377711	0.104724719289268
0.681502012152126	5.47168842138397
2.95927508556982	6.36262308812568
8.26134392911121	10.7544045994124
4.53911108892762	5.5014469941025
5.58568249374417	1.77455326595423
0.459800860861807	1.01112895811945
7.82807684764216	9.88176692568316
6.20316502178427	8.3412067738878
11.7038687596375	7.14603757238515
6.57028067996319	0.104820929956702
2.50258243363074	8.45044032835019
7.11096859796861	5.18514207107159
6.15878987113416	10.612631967412
3.49153414419542	7.8975807266662
3.82516421174952	5.05490759900898
4.09494391039213	8.86716381378364
2.8163606155359	5.48170226799246
2.73546570110199	3.49531160736688
10.195785354872	6.89694602489575
3.88879226330654	1.27341305243657
7.71870785878623	10.2547924182184
10.5740789203849	6.35724206248852
11.6952449978645	10.6922768084517
8.28191833982996	5.18103029772162
9.48808508388557	5.89179330473948
9.542081575757	0.846851166610427
0.78113090184717	3.53129431392311
8.48690923609054	1.77586717215648
10.6385766909602	4.60013402694529
0.346970582959782	8.75014256472277
5.60540099142561	8.48945623050402
2.32081796736509	3.50937886404842
6.24229588904847	6.70591384940561
7.08278299183129	3.66702107059777
5.74112386073369	4.749144978506
10.6579487156779	7.06620779718709
11.8809691868998	6.45762837079162
8.16624513400364	10.0587338067453
9.00739313170991	4.34188836891416
8.708780386026	5.15907466253429
1.6404665660481	11.8777055459334
11.025529781708	6.56921596300816
8.07174298348944	7.30356575867741
7.66881224927255	7.70278418341849
10.2516209829923	2.68519310680978
7.92148336058349	4.99895996423405
7.52047035845113	1.67446040595185
2.39378227291346	11.6843974616406
0.547412021043904	9.75048794233356
11.2607290537478	1.78788701848951
6.3469075145256	1.02130672585305
5.90161236092139	10.8387134614658
0.32545361880296	0.676623645352871
9.59640717611298	9.44011842480559
5.01384998373884	4.46443152422449
10.0404018470814	2.82306278415718
6.93448025294155	11.1996324105193
0.146711734087351	8.27019866874191
3.91699745566223	0.515359109009208
9.19616170524307	6.20012739223333
1.13300109366037	11.2446754467637
7.05157859409429	5.57462258553754
2.03998028353257	1.23526958389188
10.024177313784	5.35867338350527
9.50010827857214	4.05191121104128
0.557633084917447	0.179483241547145
2.57277611062818	3.04356584851861
11.8840981202631	8.41530518734666
4.33790557259761	6.88541095555059
7.98046631102445	8.3131446452291
3.06695153684602	11.7987222191281
8.52535500369965	5.61183014533501
6.93442519668664	6.73379379125495
4.99084028633805	3.27292563893863
4.95718490007283	11.2643422536096
11.7646594094597	11.1335803449084
7.6887961496649	4.30256423758837
3.73905193423199	11.2554854299006
8.8479436173138	6.10951103323739
0.232370435358268	10.7291904097289
9.64240526878369	4.71128008629578
7.33492750813368	8.04387719613311
8.01334074271773	8.88448673529293
2.58332837694418	8.75213946946654
3.1904006548297	8.37271011124993
0.968617430928612	5.20535034639114
2.33018249605422	0.853335216664319
7.67859159466798	9.18907193006613
1.46672026212784	8.52288586896621
5.61834984128772	2.50362841169449
9.00235367331669	1.34724105565365
1.79359901204147	4.44591209158559
6.06842523162767	2.93344279374811
9.27348365734033	2.83703209135568
11.3105415921136	2.53615464209038
8.39653788408649	11.177845397263
10.6605643303933	0.882449861347893
6.95310029810976	1.1289954220349
11.8138608513657	4.84296683478861
1.31999338672539	5.06894907541271
8.87323832005782	8.51299675872841
4.48147743601863	7.37044400755075
8.44106792926682	6.01632455763619
11.7754845799139	2.52531768903314
7.05325075165167	3.28694054379093
1.4489026617258	9.16718352180125
9.51425725211578	5.47974597329797
3.25011303178172	0.544255292477313
4.53734418684355	2.68091930410321
5.98978588204165	4.6359238357625
10.1570533488887	4.97816818128881
10.9551940592179	9.28396071282114
9.15699573482464	10.6430856944695
7.09961801716568	1.79778593347885
4.6911543659887	7.98887169338798
9.56980754553451	8.93188869412325
10.1261605775349	2.36778626980075
2.17210367232693	2.07673029763743
9.91686035199117	7.07417449986694
10.1803497517753	4.561923317198
11.2520462498094	5.39174569106848
10.9304020486619	11.8546035116369
4.16547021201523	6.34624071992216
4.63581522092732	8.4359722465529
2.19350934152005	4.98992771261756
3.41983567010031	1.33760415548036
10.9563423732105	2.34439595574702
7.64596691839917	10.6402296407188
4.35094550539827	9.52863606550675
7.16567572061345	8.44332667735694
2.98302072648623	2.60854028491833
3.74534463990056	9.59553226354528
4.01699639974017	10.1484181009246
6.43993714305762	1.47668813107208
9.05306489115386	1.08104533500359
10.6739307561529	2.81915800094492
11.0711046607807	11.0474702787417
4.07753288646272	4.30843678404899
4.766108608536	7.10661433694967
4.99044513966749	5.98630255509929
6.37445226152226	5.53157845830887
7.1768229729161	7.17033941200023
2.55978175015226	4.26241988436976
10.2612284282714	3.39150804923876
8.45130589508094	0.454110833796316
7.61673012299826	4.5308841766707
11.8566399891224	2.08313460698569
4.19151229903905	1.95392444304004
2.49173506725642	8.96120684996814
5.65128327222202	4.55555708884915
10.5905623063055	0.200414109142855
7.84926125671675	5.2221482247288
3.83882043228227	2.07515587578605
8.97048273202298	2.51603160501228
4.8440059797909	5.28712595253268
1.53418612983672	2.55578066187878
2.96505994350202	4.15217354984801
6.6576511756618	6.90076375180137
6.93322129781507	0.869800789646395
10.6048951521321	1.70439788879253
10.9796741865996	5.73002912860241
7.97264109558269	10.2929663319396
4.31397810851302	5.31179007165508
10.8761009706349	10.8673276460981
8.3395950343563	2.08735033336266
1.97380956025985	11.8146830057463
0.223214880968271	7.39534443778879
10.2762295350566	10.4121949607296
5.02644075971642	2.999223891355
10.4006600321354	0.13667979789823
2.32024415115238	7.44183162897711
9.92823743162946	1.82810141376488
4.44767087643911	5.10811195065062
1.95754559371502	6.55064327050021
4.11029029320076	3.75502490067635
2.78849093879318	10.3420198863541
10.5327880291573	7.66077873157102
1.62661694325303	5.92469563013841
5.92965957463095	9.47236107484456
7.88821262134467	8.71070043252179
4.72892472695318	11.2207129073885
5.48620734100913	6.02273371031137
3.45237654060593	7.20884414019561
8.04034463727206	6.21032825521302
11.2143111063619	1.5453780546186
11.3284823993461	10.8621563325887
6.94549376126987	4.97838044274114
4.39327439593939	10.7340313740803
4.22292435981183	1.284669847916
1.12321540814391	11.0184369510903
4.04209006192247	4.59875975141545
4.73326907517493	7.33011500964889
3.6207619427134	6.23925174454485
5.21234699478814	6.36225553054738
6.66520156100736	8.16551679719542
4.00986422347233	7.1935985836892
9.09870790317181	5.98618423367498
1.25417566611749	3.86576996525425
8.37075140877798	9.12093213843736
8.67036470520959	0.967954993290632
6.54865761243093	8.65490228584063
2.30726170982413	8.32705529953827
3.13733282214225	6.1553867712804
9.24772409570101	0.100830044044193
10.8907786090376	3.36318243153006
7.93216051060519	6.82031566874079
7.48286523993133	1.27159118610621
0.342576092692898	6.43086828005818
4.88473646317647	0.535151235850162
8.2669829723206	6.30421139141479
8.45922166755732	2.30793117281514
3.42024194576271	3.32373347940127
1.99568896592647	10.9932660787918
11.6939738519014	1.65035133478114
7.59396977089393	3.19683554149376
1.09061270553645	4.17512654464712
5.33849596838687	11.0185819156219
6.71392692497857	4.22995731797151
1.25305363247385	1.31793680136106
6.36847070911941	9.40119511330309
9.59944991396284	6.40339765485598
7.06533669154839	0.702298910675469
8.29946300602229	7.38641009316873
11.8073572228837	6.05870811462471
10.6327598501546	11.1539146160152
7.91814476585336	0.971830998410601
7.09222974144211	3.88898520514953
5.07504374949435	0.6121630795621
11.2847157630676	3.23940183228536
7.28928960934513	5.65197015540123
8.76773642265864	5.65143451897527
5.75184197020288	11.5152072804024
6.49885386248572	2.20732644368504
10.0243332160242	7.89992938274094
10.69817370182	11.8931492623848
10.5978734319111	8.211290087961
2.92258297068278	7.93172602744792
5.10915329062733	7.96434407151289
5.27895948098505	0.632737161556899
9.01325918732675	10.0343495870236
7.97333221681157	9.64069750661032
11.6586961798839	0.887813259511974
5.07151410351968	10.8948568231064
8.08832187045448	1.24877457713568
3.03714677748056	6.98550661076762
5.35990174484456	0.243741301853205
0.477664406145193	4.27195673956127
0.116642250641147	2.72962664745295
3.04341668646189	8.18947975183142
6.07798169286985	6.95972882076797
10.2386926479092	9.65454436673139
4.06062483449574	0.322410635410668
0.345336999192616	4.92277549127837
1.3223812483636	8.84780485681376
11.4261041854628	0.107629485776098
11.6245776430537	3.5786489784279
0.815794183142179	9.95769395604204
6.75022365810839	11.8176930614881
0.433281514215406	9.41758627701269
11.8890874019549	0.363992521995492
1.47733827525797	1.20935381170705
3.41605496491898	9.23332378334726
5.28831819789392	3.4383358452646
3.67842697176687	1.23184178899143
4.68534053980454	0.987119174419009
11.5630706635995	5.75665631760161
8.70043428052609	7.02991104694367
9.06306952894856	10.3807649581048
0.201796449647932	3.27532861997067
6.75187577255933	7.25078876273431
7.67882450600862	8.51617121953916
5.95134888095601	8.70520880939126
3.63920662356308	4.42680850554508
7.63821735461024	0.116979833808115
1.39941847472474	10.2714785174194
4.92038835000419	11.7049280941887
10.600627363411	6.56583079962157
7.29578503290576	0.420921398715526
10.9617115680853	0.642066548497591
5.88872951578551	10.0766192435528
9.13477647101217	8.03462046357431
10.4773441535692	6.1155177215615
2.9383856816505	3.55857886947981
5.6394550279701	0.607085138835861
7.53313403163872	6.94384347182822
6.56583255003864	8.91024075699195
3.15156901909565	7.71456750548193
9.28884639694618	2.19129306250087
1.1879057763789	5.48633437554615
9.04122093841817	2.81502990905418
3.80951465065439	2.55291913093574
1.4891198319024	11.2418013718578
3.53220414789276	0.944383441312096
10.5548754454395	5.56864958991022
6.34132193152731	10.4429246253979
6.85353588574782	9.72314306605581
0.369575337209031	10.3533626976318
4.70462758056422	0.106582602945835
7.3088320256191	3.96378593296793
9.75036968995746	7.57800225960351
0.907773909739375	6.89558038700558
2.82603996210555	9.87911248775369
7.42237687609706	9.48623929619189
11.8348684681786	4.31095242318794
5.02397687017805	4.01474844176512
1.7583646499663	9.85980245177957
2.28757929558878	4.07811569041122
4.88889368181068	4.19218083051521
3.47868370571012	9.66604482637002
0.156988560214465	10.0925190024884
4.65324244471512	3.16315134854047
4.41291664042822	0.132811328695255
10.7188107664524	9.40679616037685
9.0865417737363	8.37998004122883
9.36015487111609	2.44665713093511
6.8912501207097	10.1221293445583
9.90461220530908	10.5749383812877
5.64200076608058	2.30015045701819
6.15232938075137	5.175985451006
1.14622441463134	9.32404872142928
5.26405533858174	2.57096127985261
10.4223048030549	11.3485182839631
1.8573273828322	10.3252476526812
2.97572005320708	8.87248250700342
5.9706175966206	5.08646976340093
10.2800824031297	10.7429349222053
0.648543378637966	7.06048088876032
3.00508226388471	1.36090789738551
2.45540415852927	11.4806420371408
2.20248657528641	8.69387109916295
2.1495090216428	2.43708951958782
0.604440520713482	5.0255189287391
5.07541709114418	10.4058953814322
3.14917856969724	11.3667032138155
5.44303059043524	11.1972246842289
1.33377136589817	6.96326786212691
10.286580196094	3.62200180605094
11.0297460287775	7.71094111819857
9.97442966840787	1.11154782676623
6.94358489065403	10.9063665097169
9.12083390008518	0.714219713847105
1.79253333740378	4.77429631925652
3.2460024764094	3.940707511577
11.1700203793269	11.8720215696103
3.56642304737466	6.6937323928295
3.01047407660817	10.2557277744874
3.50276822221035	1.90700110224944
4.05721173835335	7.94661659243627
9.42612206475323	4.88400970185491
3.32857637190182	9.86922264789711
8.00144922607743	11.8934283508195
6.26318885457049	11.8146980405323
4.99978022381553	9.76592165645765
8.41948666408676	10.8844031007743
3.76933368708923	4.07110586952202
5.41849748312389	4.21744606804951
5.72866068434625	3.76883684030379
1.69588904216638	7.53095245601176
8.74380618649559	10.5720510418613
3.23169470148932	10.4615334941379
10.6323593524683	1.31791563351804
4.24189425564494	2.31680627388627
1.91103026356313	1.68831461414671
6.0106500358353	6.30839961641106
2.11930830041825	9.17057849571541
7.28068724782606	10.6649966487602
11.885514724692	9.77609309022344
5.55675225231007	7.36132806291776
9.81335492041634	11.1679121270526
10.4101279774339	6.72866751870212
8.94152635715885	3.7037097465306
6.87301723279407	6.39735817957565
6.58637383631875	1.85570513559283
2.57379716467485	6.52425115641411
6.91062469986322	8.13705913946131
11.3655514588261	4.62096121997724
1.36893186368895	0.722144721959191
9.75190228765543	1.12444886878371
4.26707290810146	8.48932874128983
0.540837363894637	3.21056576062399
11.0879002073856	4.91059865263935
10.8166349670918	6.60786084531816
0.100357732829903	4.40813125402141
4.9307681398951	11.4644319575732
2.70717354584172	8.54245448895678
10.3723477087659	4.86010114144479
8.06252413015773	1.80189980321391
0.973359041926927	4.81686086428783
7.53811488230673	11.8857595586848
8.82947376286497	1.09983104700617
5.76420233927224	4.14435934118741
0.912564886999952	7.3146751092358
4.50323232342737	10.5424891834502
8.16283955438975	3.58315169682824
1.78369977994441	3.4714492156579
6.84164289113059	9.25731354718974
0.67560151664972	11.559568817968
6.45597233443335	3.12029841719515
7.93127336600832	0.692146199582281
3.75000272889377	6.60301422927071
1.27231964824281	2.62207005096641
8.38579968030318	10.4254360548953
8.10934252324703	4.37352036431673
4.05772101134949	10.5325434859998
5.32008009271063	6.95377660263366
1.71943447136342	8.8667266055174
0.871870796702873	2.29220010341243
6.55619694238768	4.79300227011982
10.3304234897498	1.60118670142313
8.90874406842978	7.11100032078186
11.6232904706502	5.27410176917786
11.8975769361015	11.5169415805684
6.77625633630094	8.42725655513611
11.6930275345465	6.54978326387254
8.79279574678834	5.89289482853206
5.74445891470269	2.79075181646128
9.75643898157826	4.50638923438538
5.19747570871317	4.5974986029971
4.94321600560078	8.81154570483212
11.046148196427	1.29088845626425
8.66243605435472	4.51884172307592
5.73264221256863	6.67499141345329
11.6641888829416	4.41863234650413
6.14941780539183	11.0621220203307
8.04497181631597	4.59992938033047
10.22672081378	5.67155681127332
8.53142533671413	0.702564633110749
8.3637401511572	1.58648810767604
1.98851465009542	7.04474468993275
8.74572146318389	0.15252869099412
8.93619166171026	2.30143483981947
11.8780035857355	6.98957909500314
11.6531074153494	10.4808775974341
4.10237896917637	3.20420225585408
0.945867221149569	6.48462792658629
2.53048569896936	4.80076258866316
5.67687645356881	0.973395145581148
10.2467124417988	9.13296174487682
0.417169532648655	1.62260206828994
2.19976885770646	5.42548260890226
3.15282349225027	6.80727048276488
7.17555793945078	6.26495354674055
0.112450446896146	7.78816490250414
0.441643231657356	1.23981528370878
7.13711021357418	8.83522385068288
8.43115619440172	11.8956511155093
11.2726643887695	9.31206974747784
9.36059749971796	5.23522318923171
4.31056782866571	6.64969300075921
9.33185814088766	11.8942441155555
3.42018010480442	1.59524450443809
5.85585481227537	7.49795533168096
6.12518883415468	6.11715992510758
4.27400420690279	5.92677244264149
10.8483430795323	7.00353026076574
2.55297475299677	7.46094808827876
7.14317466334916	10.8485232408776
7.24186840679585	9.39673323241128
2.23937515262974	9.75105615517044
9.80442395386533	9.33069812780563
9.4023823317689	11.4882885863061
2.34205948116118	11.2027895086694
10.3929773521686	8.68041831468122
9.03831088129147	9.83345319245289
5.01137603480353	6.44947573627887
1.90118870768225	3.0798757655791
3.38951187524574	6.52410599589594
3.86107876812113	5.55890117019875
3.53083194405357	3.73414834498824
5.92864919126314	3.20910596620217
4.79646594082071	7.80011675147459
1.17215206412173	8.08346752066164
1.2283263323148	9.86435095076297
10.7272718041781	8.80212202355846
0.712136261346742	9.07582131423312
7.57538297106571	2.45183075221572
9.71189312992737	7.05823976647251
9.24056424529591	9.14442285548682
4.99372876141696	11.8945360116562
7.99194407122896	9.23690026813963
5.1370349218821	8.87637552096508
5.9172789266163	0.939568031160789
2.6980126741099	6.73186119304271
9.6157992026981	1.9906698282725
5.55030328383208	10.3701669822383
4.88426202110019	0.958168973468664
2.49313929544992	9.64380484597694
11.6332508321203	11.7730632581174
4.2880441799425	1.75396533629303
9.81947004909752	0.662387894564932
11.0330753500075	2.93328568810139
5.30841729115396	1.22199706999561
9.26437482810492	0.339841439543502
9.46362395807659	1.31706280642547
11.6665062176603	9.40541649063559
6.74485327059101	3.55874444917955
1.72720466075847	2.06063126207344
5.5837440648438	1.53849707348082
9.76745134005524	9.0182095874286
0.86643324610508	8.59573751613069
8.31900797783742	11.6470563120842
9.99370682028663	10.9770937850133
2.3273069299397	2.5791402882432
6.91987343685054	1.6673848957386
7.55398894281708	4.82246557312634
1.7312666396031	5.74958425221038
2.62945367703737	8.22212726978831
5.39639764048023	6.52408094804432
7.64419385955234	8.12810317980951
3.81350013229447	1.47312024492341
3.15926487969099	4.93549805349199
11.0935243038648	7.3959495078885
5.13936179710566	10.2030244541669
11.5140452496347	3.17981835683686
11.7436740851468	7.44668884625035
9.34991936896946	9.62188631090998
6.36358504183416	3.88943725128854
11.1555514820646	2.14453253376162
10.8551428336282	11.3476502782336
10.8380581628264	10.0510090756528
6.86868276073821	10.5768535034002
0.903725348301332	5.41505243453441
6.28442971505683	1.33625184348965
10.2789888366369	2.89842627598933
5.76045010182226	9.08175587597954
5.92210818239426	10.3043791113119
11.5098947052935	1.88752261739745
9.6058312034846	8.16781670023712
8.641012699417	11.5178233165313
7.47725662314341	10.0777767914846
4.3057664947738	7.73972683322177
2.33695943670324	6.27088050886672
7.88360076893672	6.08098658547657
7.88704806073277	1.52194358339909
11.5152982141621	2.43653039690974
10.4471265367004	10.0532095314694
7.80414343257369	0.518309710691698
1.99864741724695	0.626015978992501
5.86247613633812	5.83940927196748
4.42721465063004	10.0642611686211
11.1655821074547	0.546449845884284
2.771227368591	6.232048605149
7.03558682228364	2.99610068589614
11.8949321923046	1.73996913963194
0.789244898913437	8.20443199507559
0.840630818019091	10.1708803383033
2.67356221610169	0.66935857874368
1.42850961966017	10.7633564064641
4.5432111072341	11.7574625797874
11.2188103727579	6.22433682483675
10.06358255625	3.35260735321032
9.90580865720789	0.101809394802872
3.31817116920776	2.31315516978483
7.18778164263298	11.6685479003872
4.58302664411278	11.3651462980043
4.60358021053242	9.02039722715667
3.82979511926125	3.13942469871686
2.33900299684294	11.8909428095751
6.79345770296317	4.81382622271371
0.809590219738049	9.5496131769692
9.96810368909639	8.95569668646701
2.16094412142553	7.96219651395687
4.27483451342801	8.98300717163076
0.887805308451144	6.1709632062963
2.61896078670465	11.6369572473616
1.84311986398726	8.62127191205656
11.8913373555877	3.03480706897521
8.89986929308975	9.32906942036085
10.2107640984502	0.723281699582916
6.92347465305557	0.336580943404536
7.65854125266336	11.0465842856457
4.62349159434226	9.84256430617681
4.86632629908068	10.0702715294779
4.68509580177315	0.469422993813193
9.75359986159869	9.72696411902493
0.10521701633006	1.2858576494948
0.408133977021679	11.8989559378258
3.09536653939171	6.59484737993998
6.40829594547899	4.52242486842543
10.3300652178594	1.13722012024908
3.76356807639417	7.91671575273532
2.4832270528624	10.4726244107799
3.73306282557138	0.113299883495442
3.00314077486266	4.43368119310332
0.109528236726716	7.0276043325094
10.2292230604721	8.36118266137693
5.51953616079401	3.84464970037661
3.54991900788034	10.8356860209732
4.86379074004386	1.3455951423971
9.94638929504001	8.3444067048084
10.4012746051277	6.51657761826493
5.80833073089792	11.2979999378243
6.45539012178611	9.60014848974349
0.998970660580969	5.80833218661333
11.3832696805587	6.95627242843551
9.18037527852487	11.3458249446268
10.7386980201514	7.93245574208826
3.74329844666177	7.5019599839208
2.09335201513064	10.8123987592173
1.40419699399749	4.87430236584846
6.5932850542567	5.66932091474741
2.35098503658558	0.449184198311048
4.87862186055088	7.59292380836324
3.55916307066628	8.51536195289285
1.15925679058329	6.57070557602197
5.19574101356726	0.122926870135689
9.25554879945354	7.22729412465433
2.03744687481494	2.82658451107626
11.3871040998843	8.04263522888759
2.98713429544644	1.57530622163577
3.78269935621081	7.24245625788097
4.67240382813897	3.55912447424777
8.19650335365369	4.00543786966691
9.02010565782146	5.48742290271691
8.48374530141226	8.33611342537081
10.02604294476	11.615762060862
4.53316475390263	3.91664354011882
5.26254454490622	9.85096133541417
10.8557192415173	0.831033140352593
11.2256675779503	3.92301529431294
11.0085519487679	5.33918918747512
9.4791046925139	3.78183552992816
5.62761491339635	7.88981063264816
9.94935354630876	5.13744502180196
2.12668041182738	5.92177595822135
1.85926582709304	3.66676349072067
7.72370554209935	5.71247025611075
1.05077251315173	7.78600040233496
9.26259082320466	4.11099851406439
8.48969615687011	5.20829279155604
3.61104285434134	10.3271721504543
1.31678890843212	0.965829342394441
6.18364941401515	3.4899123880543
11.6812498066807	2.78089504624641
10.2512739237589	4.06932735223958
0.445442170179101	2.72177823120859
11.3031859110144	5.58559462386521
4.11883577772132	10.3355384053121
4.38092070400624	3.31797208290017
10.5455727450259	11.5374906941644
2.52593349781433	0.809619849524802
9.93650802705616	2.44003732585559
3.08831709803054	10.6878667288414
11.8990287271959	10.6875055825153
0.105309390079329	2.50034778437666
4.21196648684297	0.94914168956539
0.658595750227532	7.59918155588181
11.3722039817981	1.00453219650275
1.837997566187	1.26906270068643
4.99950329732074	2.46696111603448
6.71803376487874	3.83462957949877
6.49491744105527	5.98686377493908
0.714919262451435	10.5649926008014
1.12614575809344	2.83179793737346
5.76336297466584	11.8963316760251
3.63007799819891	7.09097740104525
9.4879705469181	8.74515458636194
7.42276143701716	2.06944142095746
9.27055496651093	9.81179622522531
8.2748257805386	2.88069833524884
6.14584108074775	4.76513519626791
7.22282515658257	11.8905687488847
2.14786657524048	6.63126140939229
8.45635332634857	6.21744332166979
2.90780508297313	3.06499322992199
5.31976226118894	10.043548140556
0.105583074259197	0.108869052895565
6.04861030124137	8.919540332622
7.35031882704631	4.82928405565464
4.74990702642522	6.18540851312038
8.86265730982598	2.7168835733768
0.349278341139043	11.6859226206577
5.42753962460919	7.6962363865457
2.41675824801478	4.63227418136311
