9.15098110031843	9.29956797217305
1.44051087833881	5.77342360779427
1.69403058005947	9.09713469057735
7.93359456818529	8.84934348200005
4.6214075712761	0.699837542321143
11.5510464739689	2.35664072336833
7.6566708890862	1.95170780604089
4.25941940601759	6.83879359934544
8.26451249999867	9.46839552405185
4.06153290289509	8.92986394411179
0.104253613989228	8.95510601862856
2.99727693025087	11.3545573224406
1.28110483588633	8.13252331061213
0.398535465642534	7.99962272204195
5.58052383372245	9.59567105493971
3.43924672093798	4.41941503647731
3.00036180851027	4.36318987269658
11.6500810530469	7.70131341048989
4.00329138550002	4.20647065841657
5.96859004884333	5.80401895309051
5.36821143277171	10.2157436662839
4.21768565467659	7.75735412361508
6.53656586100766	0.448475621027884
4.28969136862227	0.935081822645393
10.6745768210016	2.24039407967769
6.90282652355544	8.1153946960426
0.759212698560618	4.06120711865022
6.88347582496975	0.401256885419372
0.451344349830681	2.76902236271056
5.05617319631283	2.21645181901581
5.81446087728489	0.929649966396185
0.539694242733903	4.81858120966565
6.62473748736921	3.60897056869012
8.09205256178733	7.63140808290961
8.28187963203266	11.6786991144498
5.60242901724122	1.12826008888802
6.09996083284724	5.02908982566347
3.12312006359133	8.37444428419222
1.36761676677634	9.94953037362748
3.59615138047557	6.70739615954159
2.89765796160959	10.5684238395797
2.64355683524124	7.01187935515463
6.91793564737217	2.76528056821814
10.5521886758008	3.0144721674472
2.52135787808163	1.88859881767576
1.95433400884595	4.39310476539315
11.2881938647123	11.4591932459842
7.80113461208731	3.32896446162713
3.80755270263514	9.9405316118183
0.831346501430714	5.02643333599186
6.75145418392059	8.93942188827421
7.27913815182959	11.5329269865912
6.94441734968278	10.215969559706
10.0854087556346	0.495006819681481
4.19666452374476	10.7746620144587
4.59534983539746	0.322965540947613
7.25569205299926	1.89381582819072
6.29733753963848	7.02661047862711
10.6191281248696	1.00696980160954
4.15966678547994	4.93458732872949
5.26795876832298	10.0372401148185
8.37742177390485	5.49334055555978
9.65321596436698	11.3099648500926
7.98191029502185	2.7859604542284
8.35706342954597	0.318048378862126
3.2055428110983	11.7606075599233
0.187014892379906	7.22093292872842
7.53742629637042	6.84101626224545
3.57473215736229	10.5623607234009
3.41954516054023	7.60860658616898
6.41105773720438	7.36394806109755
6.06317677907267	2.48311706613178
4.95173717627064	0.163882740911195
1.39131058843979	7.0328993816377
8.40128687471678	10.2408662107943
4.3203532637592	3.51601602174306
3.599840830556	2.7689222834343
0.288032155300436	4.84838759071943
11.1932506166841	4.86806237095999
6.42917698356349	4.06747821147884
5.16223703366759	8.37417223232523
0.335554351230336	8.5826612694458
10.4917069552522	1.62531512266424
4.2727666910203	4.56386300601252
7.70957880847582	9.71465847353107
11.5615573805098	11.8654529340667
10.5815460462387	5.37040662437262
10.7090960103641	4.45112252341226
9.52644183795305	6.72864767908058
11.0555381348205	3.08046075684967
11.3987187955843	4.97479169097749
10.0402730626387	5.1185064850917
8.60381939386228	0.328606489248538
8.42021176306137	6.91995802389256
2.27357589512645	11.6796822335209
4.72676951835866	3.77700701878618
6.59007905914105	3.19654366594995
10.1772837859095	10.9117221894791
7.70362238002072	4.73161363131122
1.13117773285444	2.41343496138029
4.89817647894594	8.70315944134198
2.30811830589333	5.6123654809222
4.82792762145405	9.25505590701409
0.551583342123883	10.8523190580306
0.445731499004664	1.92412100882528
9.44358367031644	10.5152474044594
0.769437770677484	6.84138866560946
7.19827399710991	2.73469340753967
5.35265124665209	1.01028675153263
8.66571483106708	3.22684960599455
5.17579099713463	2.80264211818949
1.58341838933076	10.7181493491922
3.87451197740483	6.67432743201301
11.8332396816096	4.01781254631064
11.4707793192878	8.33615133936819
3.20861294889895	10.1076788200977
7.5518944348787	1.36175092407906
5.77556131257179	9.45288094239545
8.69265862331416	4.72736791103148
3.56158456907604	6.42210223974088
6.84833732497227	11.1821933773417
7.24458916952694	6.26727935112963
9.35165057382841	9.22068063301466
3.02854943600926	3.46089094899673
7.29985606644051	8.87883832198124
8.5591991978602	0.87874956638879
1.9817985862979	5.3568163915962
10.0042338371872	6.95547822510234
2.36620268793373	8.40296319651418
2.80342789314084	1.80850680239401
9.80806984387294	7.5338949796968
0.35482007980069	10.4482709656222
0.235064107386775	5.64280430522373
4.11795851211639	0.471828178730127
6.97893011133407	11.4974727323125
4.62760303730625	0.961592873566962
7.36775999543329	2.18912473283331
7.7706968318451	11.1259440732102
2.43326723286254	6.41357989060183
1.68047715938097	7.87509662689646
2.69604542440581	9.19992839772098
4.97817800642707	10.7060780781688
3.71464289858858	11.8294083050854
4.02877141040012	0.874903088804147
1.27513532418591	0.366526300438751
11.4801323378907	5.5319093937152
1.80615317477601	3.16077547975856
9.64382488771206	7.3174811269445
7.19264196746672	10.6388938120147
7.67340075671901	5.89756570497059
9.74358423981134	4.21811840384814
9.41070697918615	6.52562681087012
6.25204025770595	5.45716275221698
10.0479928582076	9.96119070180381
9.47507455328666	1.10974622245863
3.54968979058468	4.72709855351183
6.22048618035586	0.378124656446969
5.04505418454748	0.954852720924203
9.61200321550582	0.633902699707662
10.5903484691806	5.87377127449916
7.65365120583103	0.209458820725909
1.85441376771696	8.76367192442016
1.60625312789886	3.66214177391964
10.2580605364831	2.9234616854091
6.01720118311521	1.41510467300497
8.05796307619149	11.4333494203552
9.64212798481807	8.67986312311685
11.2834302684455	6.19970182333465
9.78066785423577	5.24161989163277
2.55706798181901	7.3408999695559
4.59682723661265	5.08561965933385
11.5470219384376	5.75873792939716
7.15133496276356	9.71836515119802
4.42584866658428	7.77722364706843
7.73040595440864	11.8986671770005
11.4245487207476	6.05349246398831
0.856553813010923	8.21632918360883
8.53416733975762	0.127960878465663
5.81076616476982	4.77824819890013
0.480345868048952	11.8536637937698
0.574478885959819	2.27096113917189
5.13669184811012	9.64133324431188
4.39245124444241	8.88757366570376
5.79040720436914	7.38284426187458
7.73619630527924	2.6523135628556
3.25952495854879	9.23322822658942
11.631369034704	1.02598177233309
10.4757422283252	10.7818570306127
4.9236758987894	4.09941044956587
11.0594146260225	8.56227702090632
8.02591827804486	10.2427140701618
8.03753624786988	11.8280447169067
8.15500450644958	10.8311002524256
6.94045887922469	9.94086090440804
10.08377132112	5.96126786641881
8.88966114390757	3.20442545749273
0.162588165508661	2.37704766934867
1.57432800980373	5.31683584755132
6.83852603258646	6.59413699958611
10.1825631328266	2.71838950192595
6.51320359227983	1.37191870309547
5.24976211505605	4.99771848676091
11.219938836695	4.21298207257108
0.577237157592963	5.17247936645114
11.089472759369	9.26006343565677
3.42372642659283	9.55311748368363
7.54330530948103	4.46592548683032
1.9556263199806	2.40738215267677
0.95594624676106	0.35996701981256
7.66043416423628	10.3668365173315
3.91165467676078	8.04654912741351
5.48729893260187	11.5393197594144
9.61849672869791	0.118647041841432
7.90291107166882	10.7432790074709
11.636529297171	10.0430825373302
11.0371258975796	10.2746251212517
2.49497711183968	9.81499148311485
9.85499993316815	11.0548040314207
0.231767847086292	11.6117623493774
8.33131188284202	8.31833706603775
5.16591883758001	7.86478327814713
9.48831535881214	10.1748128986881
4.93782881712919	7.2738674505374
5.53579624072494	3.34605655588016
1.07157001885984	3.79442024472243
9.82209082279491	0.655749560771956
6.70723460527386	4.56481999985461
1.2554606998073	5.38831163990259
6.06867556541271	7.53420287562678
0.122599967401418	1.98850516284426
1.71227224387162	10.4408833500962
10.632986302548	1.90948756883081
6.03245919110278	8.22447006861146
3.31359925423614	0.475559595630427
10.7197308987151	4.78917300010158
6.39772510798633	6.10556459969356
2.34417828466946	2.47635791803307
7.45187929768945	4.75457223109876
8.86978677090172	2.54362528750859
9.2016102662343	2.93667190233828
9.33744645694749	0.765423587081052
5.51060132166898	4.15792111618152
7.95400337479706	2.56956990152983
5.88638365725182	6.53389558836016
1.33433750222426	0.59230910358802
9.32117631433569	9.87832483863214
4.06464383350831	6.99978003967022
1.50573804667963	9.67134313422222
1.38909664644421	4.70030137164008
6.4691586843779	5.47795421623277
8.07222795736684	11.04828625107
2.29482543251244	6.11579118525284
11.3139772741992	4.46427232065699
5.55302295792971	6.43664147171975
7.14883183013763	8.14988175863561
10.5870984173298	8.16543685969647
11.5176410390365	0.167470743442556
8.97092313480138	10.248269697328
5.67349465539181	10.1886897629951
10.1053133805412	3.44102086808718
1.0918819858196	4.36104131572062
2.12190949731416	0.480589854064476
5.34408350733863	10.8705324222643
4.1454772898558	9.84367067972218
8.93922880397771	4.25682496761784
5.00466500675276	11.0660300385996
3.92362226527447	4.8621693366273
7.34636334762737	11.2430328995927
4.54326661275883	7.10199302579196
9.33496324147648	4.07588737835512
10.3751127083381	9.88699915208099
6.00994445026266	8.67602739487914
4.46974273789299	2.73627656715389
3.42942132980158	11.10666246465
1.78256325947522	6.40038904472692
10.5821635807686	6.11586924436213
11.5042066108279	11.5246424215516
9.46150331476493	0.323077701782384
1.81598784436908	0.744028721481322
5.7689710603422	4.28874926945028
4.21103723638976	0.245652762913599
10.8915553218619	2.5808628800672
6.39104049305477	7.7307039722798
5.48330315280069	0.232920974615597
9.36100328720768	8.67590695136391
2.66188306512869	11.811021233534
1.92115464371139	4.18125181532745
6.63585499604498	5.64465919342473
10.979922526409	3.4533158858889
8.15524215015246	4.14708393729734
1.80837403677344	1.01259778905104
8.12405895975845	4.70066201378035
0.505169702926535	0.406332340398449
4.74797697407437	5.42159690711424
6.55480967127379	1.92026614791884
6.34050562223223	9.74881871641225
0.178295707384615	10.2354875857779
3.72601069235597	10.7323062991559
11.8993073407105	5.85688516571134
8.51560446882317	10.9222006507606
0.418613726765899	6.27358787292679
10.7383403569888	7.70466319898362
5.6073305151814	4.96463468185425
4.58188096359923	1.76171615824405
7.86390005816861	8.50919599796279
7.27427292311406	3.94843258248649
4.7606395426944	2.45027593086318
2.88924091215959	6.59109092861873
1.40145215417744	11.8392312646512
2.02892255680145	9.8327770269174
7.25705503184049	5.51387951432001
8.99403461229867	3.86769152464811
2.75835907321339	6.77633625569403
8.2675271763381	11.1644834108062
8.04801373298209	4.3887161202679
5.73938554951475	5.5712094323625
5.29421275573642	3.90345370443984
4.60711573780113	3.33232014105661
1.43379889891939	0.903888460176782
7.23281860974393	6.60424356380241
9.54224777386131	8.99365109452859
11.3387300576321	3.55598624540515
11.854373684025	10.0486355633921
4.20810564442945	5.22586563164655
9.2577726121784	5.13421617535722
11.7117311300479	10.8862634886581
5.31263147592798	11.7797714498547
11.8802677020004	1.83100652406719
8.98371179771144	6.71766558794826
3.2930451612347	4.21090601046065
10.8966590550933	5.27697580912239
10.5330247477574	6.88819983568368
10.9100816099691	8.09630442491467
5.6371987188635	10.4976111632303
2.07990255869429	6.89261241395747
9.85890000925995	1.03982584738681
3.20064174133247	6.87583869812134
10.1638246646969	4.52541210129605
9.04580838285063	0.320523035575764
3.07149288886865	0.832837513610919
3.02746897704098	9.82629527059833
7.42988282796578	5.37496707693057
3.48276842437816	3.05068851272006
9.82798152057991	10.5185519938594
11.4377553846041	7.98393447687923
4.42242521903779	8.38191735466683
5.25261990728219	0.34039425459391
4.74130818053071	9.57777225502782
4.56706315366807	9.1611951054348
4.38302510225316	3.19242718122782
8.83893787290724	10.9821094832618
3.85640939332427	0.344324296253519
4.36048827995385	9.5495322191862
9.87227064189385	9.48283414164501
7.25143661500373	8.33723856687185
4.34080429997392	1.96879908206652
11.635098599865	2.78704203964084
9.51295183312274	10.8725901801031
10.4101209238063	9.55471082045027
5.3491246629443	7.51475335100253
2.12407482744136	10.1364379226635
9.36379762877884	11.0148402933513
6.15140177564882	10.5283217265897
1.0018627611038	5.56130387539423
8.82394573460477	9.07466628293541
0.688945517599313	2.899020729901
9.88712022876282	6.72849124130203
8.80435511160405	9.65103019509344
1.32327193507366	4.01119501014393
1.97234911077822	11.28325132726
3.52307892149764	5.61901283351713
11.3379620981526	7.79302500393902
4.59503201336525	6.51891678489568
2.29787439688345	10.8087514909949
3.01126721866562	2.0697824524798
7.39025047170344	10.5116811197835
9.30013169450138	5.4504623784386
8.1553350597628	3.07423650030122
4.04774885227386	4.52953381820821
7.7887852417567	7.03626815627847
6.60158576947688	11.6798280903747
6.03639754008745	11.7380645727428
8.42232446121428	4.06987438500699
6.81375452524407	9.7612973934595
8.42924936910532	10.6180886441535
10.7645811513048	3.14723934412481
2.97001271610328	0.209792808978668
1.04141907611979	4.67356474378481
0.969844482087002	11.3583608628572
7.36782809695167	11.886125827802
2.9492721337272	1.48520760097723
6.07616565412452	3.80881716776461
9.83879012203115	2.13060214238573
11.2189202561531	1.33875768182773
11.3843971773141	9.5587173519422
5.87521051724379	5.09473930538379
8.56922096540008	1.66402185096242
4.77216413863903	1.5483890036968
4.3605657030869	11.2614977405303
6.91570950105279	3.47740487312797
11.3579979537982	3.87142774602679
7.32460989687998	7.30996028859981
4.85915320351727	6.20582624711496
10.3986247329081	4.86249875172167
3.39583704783141	10.2549347835421
5.5372790361325	5.55826007453778
5.21736190071142	1.53222238009734
2.27181631431769	3.00249149165815
5.71429407900357	5.82577770778742
1.77050282549315	10.9971490873132
2.3129192573575	9.22822964204289
1.12431919760591	7.26890073131
1.07746180248725	9.73612208343505
4.98882698972228	1.15371668555668
5.90373634527633	1.80759291946808
10.4192903949462	11.5968466190404
1.45361692045761	10.9276945712469
3.58148005707125	3.75543636339511
9.80158988675566	8.87824301813602
4.6528619031378	10.0074075141471
5.50156000746146	1.82634954474916
8.30250301548817	1.54196882272159
3.91585561970364	11.6219206282847
6.48893106845164	8.57835593074264
1.3705899186124	8.99992115514494
2.23817217984634	6.32315377993696
6.4514652294879	2.16261139306476
7.9420021505277	5.93519615915593
10.9400829665334	10.5671569704941
7.20493381241073	5.25237381805288
5.50987812952094	1.62323756741666
3.21730350372678	7.08259073508848
2.3756433166888	0.691492097553238
6.64889548269478	9.38918124040057
11.0467198453853	10.7771148177902
8.83514595196573	11.2224401924408
5.59037340901017	11.8814300389794
4.72788950854352	8.91841552093369
10.574763433131	10.1808467484599
10.6663843535252	5.6784023401461
5.8138067453447	11.7858709878549
7.33496276797136	2.48516223851886
6.87426239748641	1.68209074034743
9.84936529179884	1.55788118958549
6.79200290715728	7.74527153327367
10.1470225393793	8.94198761707119
3.81139421373288	7.41156477976263
11.763049189316	8.5509208555794
10.2246978079045	6.59955942124715
0.249000313316682	5.4258592573454
11.3523362857526	10.3287828185491
0.48053337355356	4.57779842475854
7.41451677538616	0.185126317463803
11.5377746627798	3.43105952707523
7.79403470481975	0.969552599346092
9.19922059672719	10.447518165797
8.13945522806698	3.56461933895333
11.4327244843358	4.65102758542925
0.274624756680825	5.22475876315162
10.2144201607788	8.45220141617827
5.47234023713639	7.03461100163705
8.93611278922355	11.7395641262938
8.890964652374	5.84960782421513
11.0895425638785	10.0257678678855
7.6710203204942	7.69244415547026
11.0423332702372	9.57625657693211
0.695083527676935	5.86149326090721
7.01477233024541	6.96564101787686
2.12342112686318	8.06154375127157
7.89917308849179	1.76005587813823
11.0789974748926	11.5551701297455
6.2432024090938	8.00389708094301
8.87775398628285	7.43778380186423
11.0386833701975	6.80575133127324
11.4233049344534	0.937386421339996
5.03967841499386	9.43268024915668
10.087600959671	8.21159566789114
10.5633217625247	0.166362795422426
9.28895736355654	4.65612350350427
1.0623555212505	10.7116331293397
3.11307410521238	9.48484691541893
3.85356954443023	5.47721680961309
5.40277468162189	2.24998851684081
11.2030403092929	7.4061649191641
9.85826594099522	5.53115158889927
3.13869885083992	3.93250871861569
10.632310448366	2.51088280405619
1.6299869979309	5.88399900928842
10.0868486140249	7.29438989972531
0.640114932068269	4.3218632501694
4.70138420238895	11.0126790414707
7.39637481777502	1.091742827271
2.58027475825654	10.5915610911298
1.06761518010298	2.68904512756242
5.0752939519571	8.82259623833588
1.17047168125562	8.95087560723324
1.57771119770259	1.33484573299341
8.34734959813587	0.802076020444267
6.81661426753317	7.32671605978159
8.35612253831592	7.81762777441851
2.25370154062724	3.29794156350929
2.72701492144958	2.43879043348093
10.3273198010775	5.89514970428413
6.12344621313689	7.32665260103482
2.52211718768891	2.27600948986655
7.3218091076646	9.08043660086742
8.25448433518146	5.9195205273144
7.47048985982128	10.7014177924447
10.4319892704252	11.8931106906288
2.75657941432482	5.66175238818129
2.72817052694495	9.99929239257379
2.79854365991643	4.34258738890755
5.32377000295401	7.19265114752797
0.192235123303258	9.62676532932117
1.84602402555463	10.1024937312221
11.5851728277493	4.00226028734189
5.829418343758	8.13562382654154
8.51244653854615	2.32215911603575
4.83470327410404	0.980486256082255
6.8597643715279	10.9545076507989
2.89841115190848	2.26659897137173
4.71915123400517	3.04588255748851
4.41158513261268	5.16779949344258
5.59591718085292	3.14442551659957
9.45682351197164	4.82792799755572
2.53359364046766	1.4020343713602
2.07239510544395	2.66511483124767
9.68863429781604	7.83149142357625
7.04830203332477	9.33947674133575
0.502936048292175	9.03100249351233
11.8457095576577	9.70198468498914
8.99537651055516	10.664523145032
0.21398705560045	6.80843659959754
11.7996821266468	1.23081544731594
11.3933648010011	2.77317566305604
4.15277499434608	8.44229388284987
2.86297560354473	5.93638233118909
0.917303741037306	9.39860260097825
8.2347481582344	4.89426284341773
4.86201896493403	0.463362704113877
10.7684265860752	10.0098007966637
6.38821499630613	11.5318696706351
4.87510252647307	8.44539525872283
4.60483965159378	10.3283173026141
9.07354668529969	8.43081084257754
4.35662330146806	7.30407223068909
9.06321225378337	4.96782474103139
1.82753492346734	9.46238512283352
7.48256893211529	9.66241745323915
1.79341493052633	5.07068373401487
5.82962814330774	6.09622636450861
6.48814068389957	0.227337206374274
8.95631393176322	6.12520466668691
7.34039633833366	3.1172865311463
3.79177169624814	2.53889758418903
2.81686937290789	7.56045208414924
5.12845746426152	3.50592355612477
2.7918270784714	1.03712759062308
6.72298178837446	2.38998520404499
1.40998997468345	11.3435358749112
1.63888846088328	3.33921476647295
11.4301812193962	10.8352587506665
2.80293929284842	11.0059860317193
7.51439275204412	2.6256481625937
8.53535632963038	3.70601785967201
5.8100888059815	3.68951864162886
7.84492507195328	11.5162855995526
7.15351991331234	1.19768648786377
10.9354257855388	3.65374406797374
4.95061571254451	5.07857759797115
2.64287089487765	5.42858329159886
1.14801670317451	2.08743971546258
6.17495322046916	3.03920453279167
5.92288768627043	3.41913636902925
5.35238114364822	8.67283844372952
6.48468030869505	4.67971426487535
8.72293703853061	6.10609122312694
2.957341590072	9.12346654240213
11.1855151182689	5.46162767264923
4.9837183545093	9.01141914657105
1.20806537556539	1.66587631065035
0.395960585896394	3.6800984714779
1.9331935941215	2.18335112669422
3.59092005771726	11.492493772481
3.50796824766395	0.266967155084429
5.17846555026954	5.8000388573936
11.7978419251307	5.13865605540018
5.53476904734176	6.13300722801334
1.38366594594632	1.85232728237264
0.932752094542045	5.28259600746865
8.86697401699849	2.89353875807251
0.106491105745621	8.33822791719449
9.42433515210564	7.65628020831359
10.0162821589146	10.7223408704988
11.3883924748339	6.50369948785394
9.93217059551274	4.34230861305536
6.58367846863415	10.2708464043173
2.43538943364968	7.51496506833664
9.51320754739884	4.35094179012628
3.52586020665916	0.857403239666971
7.30584248928258	3.36740179910801
1.69642717825513	4.41535936043451
10.9284278308746	9.03211882735848
10.0718357790452	7.99590243203692
2.90026256940888	8.00985874189956
4.01969889322544	1.12938251162215
8.51662191946525	3.49495174969571
9.42863329895904	7.95117151361623
7.01862594972468	6.4913319550429
7.06936732435051	2.92258626732694
2.92540812189525	8.27272689004128
9.47796578172316	5.88774950707083
0.977152158950039	1.75387440519493
7.23057324984665	5.95663655525106
1.39124900661057	10.3086473235818
10.2708904009344	1.61291621081127
4.16186573905617	1.50127297092218
11.354741870494	2.46122960279622
10.7438322915482	1.52866307023068
11.7067076611539	2.10112213340065
8.72377281231417	10.1268372914574
9.7258966268998	9.96509524878858
3.25624884571267	1.08870945644377
6.58275997681525	6.66500712481612
1.31034917727485	4.41914657050289
1.93571643980788	1.3202660799011
0.549770624107036	11.0725262247111
4.17157963574249	1.75774365600974
1.05658633460648	1.37873271492752
2.12640951187336	9.082007217831
9.69416097267464	11.8298453458378
1.64663033449178	4.16023098603622
8.6010524364117	8.20197731198082
8.60599599418756	8.48796852156812
8.92729419974444	5.63950579696968
8.46143099703953	9.71349018680481
0.257538708440874	11.3560067347731
3.29939823422628	11.4818913242788
5.10917435903528	4.75026002398299
4.95532804038889	1.44939463603382
3.33698673799002	1.83940956617267
3.05185973718282	3.6889584486643
2.45987993262126	11.3092397518078
3.67315141729102	4.13771510096214
11.6323707067732	6.47419441244077
8.4807934249501	7.31790116291768
8.09833096438533	9.88852582443106
3.57116692299467	7.44161406654998
10.0248555888686	7.49469297661833
7.65261484453304	0.770934282012668
2.7914386954657	3.64996604373828
8.32039573782107	1.01137940604638
8.66412003931983	8.8728699496748
6.17892751118543	3.2460573757747
6.22498628832528	9.29645070685657
5.46449632511715	8.97789522487738
9.58717064612421	8.3922813986338
7.92350311826093	6.81519008510338
4.68237553050695	10.6449900157324
11.700256193689	10.5957981687119
8.99763745303524	0.788001776272693
1.75592081457728	7.56823461821865
9.97770703435583	10.3452364474524
11.1233331248454	6.46411363135541
1.25731259433944	1.17097041268578
5.34088454228026	6.28704136276208
3.36786524295921	7.83354084770087
11.8225862514555	2.4323830570913
5.37713865404699	6.83977939023543
9.32782282682843	1.72114957651264
8.53741137506723	2.8217972079456
6.94491815990166	8.65194087400475
3.01064491236234	2.94836341838148
0.314807869793531	0.847304264622464
3.84123182292327	8.82165401842432
1.30800348699958	2.99396609895509
5.25089220149877	5.37584885076929
3.20507254076272	6.4685736614881
1.32762107644581	3.77956376750203
5.90317706619541	9.18440190254974
1.28525895987636	11.6419825066605
8.41287890426835	6.35728010312264
8.01493779768248	5.04925014533456
7.06385809615288	7.75667144857695
11.6078129417546	1.76582375579937
0.536341811909881	9.34145393928946
3.3390830318599	2.6249080034986
4.5556469442109	6.19148120267967
4.93555478578745	3.10584826988862
4.15666535465886	5.62108344541015
11.2110828067337	5.97614959707478
10.9767784862587	11.2402207233975
3.77998280781103	7.11302513177232
3.15289837272287	3.14374978829691
0.8506613220073	11.1911303077591
5.99838967331927	4.58298519373607
8.78895428121554	1.61036947587142
11.1318511224432	7.79569401673119
7.73512537516107	8.31204734173822
6.89844049964075	5.51376406345184
10.0594680813868	4.08970079922339
3.95707616841389	3.59674242972428
3.01478850374983	5.09823595082314
2.20307123904194	10.3527828130974
8.31357446508109	10.4486885286629
7.21430253261859	0.512621860191562
9.88126118140141	3.68863327039745
8.30897017129282	2.60353799131444
9.53498370550357	6.28244579855125
0.437483194873413	4.04447751334877
2.52353620287318	10.9020087563747
3.45272666694846	9.14712297860619
7.204722642164	3.71361006597591
0.953395198973984	7.58552141457305
8.69890801341974	7.66315085206589
9.09694850069035	7.61503353717659
0.461984242044021	9.60380031476041
9.86437910758395	11.5357017662988
1.40755261878269	8.69961187340173
10.713740706136	3.95754530953053
2.17991230562972	5.18311082076072
2.77962732404387	8.88730729141733
3.31786884711304	10.5178295564112
0.898031198224066	7.9548268965617
8.13304932804139	9.05846676026988
0.864259007634451	0.922995663058467
3.33297719238749	7.3594744592857
10.2902708017591	2.4518006726607
0.529485238324366	6.59964351011209
3.9772056693644	2.24460089652416
3.3276816020309	3.56882506299338
2.97503860088358	10.2219055044594
8.92147938474239	7.7968422061687
9.13832975612648	6.85117675549329
9.73368801459366	5.74547507599075
8.52711675328516	11.3608134165751
6.42139055937016	0.827521237208337
5.65575731602792	4.63400201536356
2.41766722314767	0.233496041849215
4.45639903716853	11.7376783564523
8.87679603511056	6.91129806917004
0.623574374574128	1.66958933615371
6.40589466579911	2.99233259762334
7.97266926462527	0.838622945090598
6.13168417627002	6.41968363604643
7.09713088938201	4.05432577645102
1.89889647249044	8.38294044764173
4.85122078867249	8.19547584283217
2.94684510071541	10.7844974236695
7.14817287688214	11.1001041095784
1.41308153783995	6.72264257551886
1.56625994894259	0.605378451289851
10.7683112458377	0.119194528556172
0.509525976665629	11.6165696953772
6.73301007708884	1.16549211597345
9.66741763121766	0.82677654136606
2.17287329103297	1.50667472751389
0.891746792004086	6.26387594047062
11.8628512094117	3.3132252334498
0.632960629667174	11.4080368040086
2.70275172461968	1.56622129618277
10.2286764538305	11.1774334416558
5.67880194832347	10.8293950701587
9.19205222300942	4.23184083614088
10.2918951043294	8.06241311963639
4.17159906911772	11.4359997226601
6.34944278947161	10.9995574721684
10.3119915565702	7.50200383898874
2.02777848793016	9.38776685276843
1.10101587997388	6.0673909664441
11.7179778467011	0.155762323304112
1.95839505487655	6.00975849947099
7.05885315790464	0.292862946167605
6.7740705502479	11.503573827604
1.30058573203529	7.92626812316013
9.82832486482792	4.9742838773383
5.71174198079666	2.40890661040231
11.1966642894571	3.306094159115
8.05994256770091	7.22984948331083
3.35606431758924	5.03110629725617
2.51261168916493	3.52975191141918
1.24007475035923	6.56115070897572
6.0030418681438	2.8406905590854
7.27980181902323	0.888427926810343
1.97555793840313	10.9967313207231
6.02424134497076	0.288945890384013
6.63340570486059	10.7166976615589
1.32857758812382	3.29721124488154
5.07757316250707	10.2165171465993
4.48349655553254	3.91035250716022
7.77058020999491	5.4589552907589
7.12733780328092	11.33494131697
0.479114581484933	6.86694820873151
8.62128635043586	4.96474406123641
11.3450618476897	3.05565628832283
2.81486800711099	6.13222098706162
6.23791127438919	10.3326630229261
4.10223977168164	11.2055115243442
7.94862330681514	4.0185547296216
0.765420983602219	10.1818706329414
2.19215003062218	11.4961860712585
3.97350568857845	10.8803046668443
6.64573492314966	8.02332269322906
5.52392790686036	8.25364130767005
6.9175161424188	8.38176679053217
9.50097076914271	11.1779283657843
7.12398016377486	2.17250339885843
8.27195209578073	2.00493367212641
8.64452899024386	10.5185521169109
1.48011040138794	8.49611359929835
8.87956164824484	1.42937570648814
1.01586146611811	4.93764613070292
9.20720526157017	2.06548378730767
2.44617876555637	5.8461577668515
4.73561905292408	3.53295138962994
7.97940207539125	0.259948310601305
3.07617649305294	7.68636984563699
1.89754913932213	5.80457106610191
1.70068825456709	8.33146987433067
4.19753034099272	6.16758409999736
6.55169613140521	3.87567634533353
10.0002430946388	0.166819907473582
4.60363908815357	4.07104235090311
11.5735059497627	11.2206276065717
11.8182010164403	5.6140310084554
10.7084985809948	3.60679736129339
11.6787294388212	0.611212166857703
3.61190323334954	1.1401590776771
3.92268749544156	11.8273189440048
4.79358547845992	1.8847624833959
5.19691676985809	10.7175765603365
5.44827933930246	11.2469968807577
8.55062365685195	5.26136735235215
10.477804301574	4.56791859937727
6.73482976121013	3.9586318607406
11.719522197176	11.5668453723308
8.15475659225426	8.72269108895444
11.4350073812816	0.698572176681347
9.93302494836457	3.29374747748924
4.10031806554062	9.61733372366909
2.65517100993286	11.4673129662285
8.55366403871285	9.30344611939192
8.08912358518741	6.60011305946588
7.30179139520058	7.04769835878468
6.32910476251342	8.70277579698085
3.13707513315244	10.6097552664827
0.519546177170966	0.918734116330907
11.3106401806966	1.63779754980951
5.60287161579644	9.20264911170104
3.55387576895833	2.43814096459156
6.49828102485983	10.5453560113395
7.97226584607814	9.42401434999646
9.6818667921409	6.55068692147142
11.3576099666246	10.6071411859806
3.79029238828759	4.52893718955834
6.40694739365583	6.37361967573998
2.58003400493448	8.23966876716993
8.57722326944912	5.47228807716206
3.98489145488629	1.92551441635527
10.3349235223384	4.38682646616989
0.790540316967219	2.16848237763232
5.66376848891275	7.10916895571175
10.7532588597292	6.22310582285201
9.32171336062986	1.28374006294134
3.95037786134522	10.2189621974259
6.38859682131668	8.93549190426056
5.14063700598817	7.02818343597683
5.7208427669191	6.29671592169517
4.41830003631736	1.27676943756634
8.61601974492575	9.10295307151368
6.2057299161054	8.39465910907196
3.87884847563371	11.0598415762755
2.27939662224326	8.66609844368705
0.447308039796152	5.87697741809813
0.770849923440982	9.58495342685319
9.00532571035976	7.26642909674671
7.76468058929926	6.20517141513548
1.50156054260008	0.290628476988875
1.88887699692498	7.32370501896273
5.77131261760931	7.68450046472098
1.65275029228957	8.84366332600533
0.792395323504873	7.24419409391291
0.983568589092376	10.1148109868562
10.3096544143995	9.23178310657254
10.6934921871929	9.2949870161163
8.74696477453523	11.6669349454947
1.18854950547638	9.15445774396626
11.340039855995	11.7860739710691
5.99024074991979	5.46323199018872
3.82780485874992	7.78517026880558
3.73077643074298	3.29888193712902
4.72250554215624	6.69573885602879
7.37622011614433	10.1154522804685
5.3733181406004	3.63483942911548
8.68284966216227	6.67455726319581
11.6759757356358	7.17946302689997
9.75426812045919	2.87329410905635
1.59477711339164	7.3845073472796
10.8684894700723	0.873049055516302
3.83562302821497	2.97431730202167
8.34247022977997	10.0317263300196
9.03915594890906	8.89868302113889
1.68109614829445	2.06442356216144
3.14486791699195	2.76806219919843
6.02769384579346	9.58650159289489
4.24643434201101	2.88205265040879
7.54889406050063	8.632956008775
1.43981509662662	2.05668840177282
4.24913454330097	11.8188645715955
6.70520721093715	8.24412005818225
5.05101942806679	5.55577001565227
1.23528119821618	10.897197655221
6.33508051243647	11.7603590683772
3.50545486824473	10.8231359477189
1.57857650519789	1.08877187398116
9.88255498163656	9.08700185039141
7.37978913527224	9.87836915174451
11.83415501819	6.88333698307647
5.97729586777177	4.19783986392485
6.15479333952891	6.0785024938346
4.69930213918714	11.7443526151697
6.39087985154813	0.615150368703156
11.3793756761958	0.444039632111087
4.78412417130892	2.18669370829874
7.48409137793326	6.30634469679165
10.3367990165915	10.3569416499557
4.62351026758374	8.67428346791591
11.3659749611001	7.06660183964796
2.17628564480535	6.52834095730538
6.80512853972077	4.22671312047826
1.54983302665501	6.356335631032
6.85559754113802	6.2462370530561
6.58720111011931	4.90645620552524
2.52694065048143	4.81274970886887
8.49465108519514	7.97713090374006
3.9326071393356	8.34206860745247
3.71857320677544	8.11300897835289
10.6364380558206	8.92908202283021
10.7717083657648	6.47704469711311
1.76935746836199	5.52684326607244
9.14480421371008	2.38535578326266
3.15271115952492	2.2492447265312
1.61643967160547	8.11072677156787
6.04563179618933	6.69208434074215
0.684810396272179	7.84934302974178
10.9599543996467	4.79252232641624
7.66544719410493	3.83125470190231
11.7589307843502	6.24353146717531
10.2262160822871	1.27013697035068
4.93021061584952	11.776321939404
6.74474776107376	2.96285461127093
8.65366008928262	1.87066165578744
4.54749045052954	11.3846218686924
6.76892000475855	5.92670270861294
6.26204696516609	5.7238866392883
9.21775841745359	7.08232752391371
9.13576132437993	3.57756119936495
3.73146049510618	5.06179903620428
9.3135007174698	11.8938777097598
6.0756648932805	11.0962110406116
6.61522797871853	6.40785088254413
2.730090854106	9.70061149271675
9.13938622054072	0.499430167589753
5.33599852555395	7.73057095354621
7.94381196325943	0.531177041997349
8.48467400231314	4.41532290399037
0.952943301755165	3.42312473605553
2.59770693701596	3.01864890872959
3.32261859245275	5.49016440031015
0.553759905829777	8.16938536799192
9.18995964440232	11.4939656131213
6.74618206029207	6.96256570682494
11.6905454980298	3.14857735921274
5.03247523962681	4.5134719243218
2.67122972156482	5.09141200265511
2.1534624684105	7.42185418180687
8.46087958258112	3.16398020515771
6.44548645908625	1.15173121953285
7.92214980838635	2.32137330079503
0.873982981121653	10.9896988930296
2.18104669128273	4.63591424049526
6.44328067124013	8.11259223925264
11.698578586495	4.72014591357525
3.87073272048648	6.31555293802724
5.88115382355225	1.15954995042211
7.99612355032042	3.26733057578585
9.59027661815724	1.78801620980172
6.96698077754842	1.97712026805818
2.05277332205988	2.91589296420544
0.82062989794191	1.1444826959331
4.69748464167234	7.29254336387744
4.8333750479264	2.82699987094628
0.619768184306454	7.0592460099722
11.1066619248623	7.99789411557718
10.1687897504077	5.74812865343325
11.8547053223984	6.49330317396562
6.2414171442623	1.68038135942527
6.93238296962496	2.26504897946361
9.5258500184815	5.385963096231
7.12238246577473	4.33281773192422
10.1321411264452	5.49443377368846
4.43026080516817	5.86414925534585
5.34986248130105	6.5858945258734
11.3876396636482	8.70496693294111
9.27871447774873	3.84821239952475
8.19562285054207	3.28233612113772
10.5024331370001	3.4342488194954
10.7332948416089	7.91346814424285
5.19305377236991	3.0535016794989
4.72864384105746	5.70478489901242
3.43919205549501	9.88502358092296
7.02712408896443	2.46404617721265
0.870554462028221	3.84682286857023
0.213281238574838	4.5170154813589
5.30134450708011	4.24626045106957
11.8919843498021	4.8104700723812
5.00917752831915	1.98298935440343
7.41131624402259	7.65403892177695
3.67986208738354	9.45795185638306
4.01084036922948	2.72159370023128
9.34126559907526	8.92225991318771
0.305192973363616	6.55088073417714
0.946945740725061	11.7780116278193
8.29153711558522	7.41656987593663
0.353492829565819	1.27345263495911
11.2494553196704	9.87672391611794
10.3913854483686	2.20986900901943
5.43417622754675	8.02013019777905
3.55837564392048	3.95710393471477
2.61638138433479	8.56175685823266
11.0470514641778	7.24724368603566
1.48943279992554	9.35647839536131
8.35930029010553	1.75222321810131
1.7865565047481	6.18727770858388
1.76021149392453	4.74090604720989
6.5153212454793	1.58859244853606
10.3044999862346	3.62692657889988
4.56132612736241	6.8674228851519
11.2415272272617	2.06880359942142
10.3230371897337	7.02004672450694
7.80699948398003	1.51142773178316
3.14667981078629	1.65931653646837
2.01059866486923	0.987663045534737
2.88268792060626	4.53120350952578
9.95233377087888	8.61859066085412
8.4531470894549	4.85060681837425
0.807904957829296	10.7177729448186
8.45473276253781	0.591963259157493
2.23773920675968	3.57946660609284
5.86415316289552	1.59575897400643
1.03044100247615	7.04296762527308
1.36883816264181	10.5489579747633
4.05009857030099	3.051576004869
8.70620104140491	4.02573266884393
7.24263858007008	1.68830473629475
11.4831519470694	9.36527306497238
4.20382118504331	2.18081451494061
2.90940701026682	7.34721656502544
8.89161886150225	3.57834241896921
1.53462984393962	10.0734512544243
9.04805126566677	2.65303829069448
1.54581481020092	7.70873358963149
7.57729175345626	4.98406790983645
7.12117254266049	4.81078525185503
0.627727202915097	0.110050074701371
10.7602488788263	11.8921115854185
0.443430796693649	5.37867711312193
10.6359737788565	11.4675488248227
7.78493699822039	10.125670092895
5.4929853998642	3.93361458323119
5.77980180562411	2.00113421935496
5.50682420091962	2.5281292108518
3.25703281864354	1.32196243454795
3.95979696326301	9.17538732014392
0.338699280019538	0.119276805587423
3.10044923263913	6.07504932166592
8.32059935519763	3.72440233041707
8.58072574177914	1.45684260209228
1.99213603613853	4.70925228285176
4.05593547092704	7.25483516495643
3.42603068925527	8.41280690623199
4.13220473382919	10.3284777678435
1.74919365813421	0.139566826208608
7.57999124979001	9.31359332420083
1.21997777924241	0.965180099376424
9.38166562254187	3.31117030418872
3.73670575895699	8.49090727872288
1.10920752904747	8.63421447570646
10.5535560414319	10.4233297978979
2.65859135177187	4.61167699387506
3.73321160980354	0.790993458798535
4.87374885307044	7.62371284139057
2.47591073822667	10.3058419363184
2.87410827730933	3.19557661580109
6.25540905991616	4.42763296891966
4.54463241001177	4.32852567759987
3.67263214449303	11.2158820405357
10.9660894501008	0.627430547689347
8.11128887750293	6.96973943553221
9.57146897984988	9.47371334024281
2.52444107937408	1.04487213758288
0.137112154546573	4.1030196659703
9.97602230849784	2.74353663536503
11.7610546306526	9.36716436273273
9.5048617087308	9.68550403572409
0.278878273410014	1.73685168427213
8.46272658259727	7.58690794384087
4.58918051185509	1.3807877161853
6.99656080632448	4.50155456629881
3.12877096585736	7.42324117823779
10.2361087995286	6.09725631680666
8.51647604777392	1.0903109405966
8.66451667182412	9.85917891356536
11.4575034365428	2.16459975127743
3.7024017861209	2.27995587879267
6.33253784511916	2.68988580540478
3.01365674416075	0.593444759938644
11.6702570292366	9.06958004926416
0.143037607993851	3.03778623101638
11.0331594620982	4.1167255735938
2.41155335702007	7.87958362299117
11.2766278723573	6.81560942291328
10.5175167000531	0.65322102576278
7.91057854094004	8.17241976394635
0.36105252780912	10.6954631143865
8.99215186927751	1.91050679780153
9.46438551072517	1.94936984560418
4.93865822698329	11.3048427206322
0.272032296198588	3.44181553460714
5.6058519781002	9.92525495248946
5.69749011570131	8.71256354096044
1.66299405104348	11.4392010628067
3.7029607629718	1.3999513199449
8.13546680495739	5.24604726315623
10.7596311236011	6.98583683936962
5.68300957275315	11.3508130030098
4.49516732447559	1.57049645123361
3.4431869304951	1.60832405132913
11.7291317338702	8.35007867114452
8.90022861402454	1.01092951414871
9.38280487134745	2.4880829040174
8.02983541547801	5.60001301102636
2.99411287226203	8.67059444231364
1.49518096490182	4.52357770503149
7.7034807527381	3.52759839123374
0.701128701751819	6.46161070683666
7.52895431433051	2.37033386893149
3.25547433658202	2.93816843154137
3.33172791330643	5.8771124425686
3.40351150869402	6.17466801489612
10.791381096283	10.8327499744514
11.1348283453429	2.81271116631763
10.3028770504612	7.22637099180274
4.11258499772956	8.05490650619577
5.39533614673683	10.462662252235
11.1443046463665	11.0430567294245
11.1479994012008	2.56319770389296
4.29890269932656	11.0074784327485
10.1854256148547	1.05002204609189
0.142918918302175	9.3627796512103
0.805651289665978	9.12537472335751
0.780060338962805	2.68692525750223
2.68492928257803	0.401209330374478
5.16677224165004	6.79990561708265
0.411135677963347	7.77765513006017
2.70457439298942	7.84375558780411
3.07596614708556	5.40268485504691
9.60383514905148	3.85366160564304
6.23061053093587	4.63734207147924
2.21105319669794	10.5748950556515
4.17797703239694	3.72950392933185
2.23730735210107	1.95653548332406
3.31857858152962	3.27790675374442
10.4796258116097	7.9022982386877
8.92353480411503	8.09081366659957
0.687254237935844	4.6766703493528
8.35599825628339	1.29981421794287
9.16585564444215	6.25958423258073
5.42141985051573	4.59981282943764
7.14966170052479	7.57489990031495
0.742993532205205	9.83646514446918
2.51339786504863	3.269265158212
10.3704478471317	5.1432155280811
10.66527444338	8.48476070291694
6.29576147189608	1.38697779975922
11.2076531400384	1.03003385105826
10.4653693187599	1.26822015469833
6.54590228539027	11.3429199269881
1.65529227375344	2.69362356951645
8.35684937451615	5.12573236051001
9.60102037727787	2.49023374175115
7.74147277577608	1.24619249828138
6.79662168695262	3.18093584410375
2.24628769490766	8.86470747560018
2.19200415563867	4.8635809554542
11.8103926780876	0.441122127390392
0.219797458300001	6.23917299852093
4.52854843349747	10.8498941346675
10.0286648806174	2.54854662809752
11.1429746526799	0.323836535488549
4.31279193659423	4.34114651919887
9.24451659436882	10.1152366591228
7.2295962041796	9.52067796295652
4.24012206218872	5.94027224252251
4.38435761617378	7.56432063418247
9.94988410906132	6.16612462259493
4.85955852835655	10.1947668338897
2.51455490688049	10.0258867742852
11.0273993273018	2.0315954678932
1.61210025996395	4.89294585850759
5.44032313970606	5.24518702423391
2.03194408551768	3.55216846065502
7.58358721162423	0.96184704612935
11.8508122617989	11.269437728112
7.57440725332155	4.26573758653381
10.4659759118165	11.0267934430503
0.877214654565753	10.4231191729398
3.84784645168755	10.4002414969439
9.70158853231918	1.25748157995387
7.49092666158073	3.52590156264843
11.8233579821054	5.35634076088409
9.71680918736926	6.03959116178758
5.95221944943246	10.5922999340988
7.0593413127411	11.8323761653428
7.88773345596219	7.57456145371146
10.2559620502453	6.36442431460999
4.43762495796191	9.95138394662463
7.99633473220205	1.09239538705237
2.05089046165353	0.748122540932275
3.70143417720157	3.58904876689733
2.15501738777029	5.47113427988915
10.7651861595163	10.2876248378247
7.41920888439109	5.72124049259949
6.24062199486943	3.67288581811444
2.34087434974174	6.67336160254217
2.22802778672224	7.18623913136448
10.9682944060714	6.14303013243874
2.77018497932179	11.2323583811391
8.71963039889187	4.50137241275604
4.50225459565078	2.15255088230598
7.900189085233	4.55463908390562
2.4857440808172	8.79367379755366
7.05140605863007	0.659800615213724
8.67164350141515	2.47296577345742
6.61320153131506	10.9685569817911
11.0024267417475	7.45721809180641
0.196621870947037	5.03990286660586
10.3397394782582	0.853098514334278
7.3075614537658	9.28306612849748
8.52530791462821	8.71290404336346
6.01332565641241	6.22452381588265
10.0660945328391	1.58445232479339
1.65239734626769	1.62151330866306
8.98588390291814	9.52439097692056
2.6538101297829	4.17874723807244
10.7937194450121	0.4290778124464
4.04934949982958	2.50216876566512
1.42544870225197	2.53655026461063
9.06696886317846	9.9130766558948
11.0651823907603	4.38279720421959
2.10227922019929	7.8543461093934
0.854589030497258	0.678107399141049
1.19525043843269	0.756053704489882
9.41534891047696	3.597762083406
2.31409226566731	4.09638151327789
2.14063039579252	3.79472494825947
3.6318167207776	10.0623846656653
9.42095213461389	2.15428858598084
3.18076524308854	10.3099375574432
5.80043826608419	6.78206896764846
3.86009923902127	1.59812762155542
7.56869064895846	10.9431923087355
9.45944754873466	11.7453709611738
10.8764331822252	11.4592016892488
10.5762642401395	5.15451345000599
11.741176621361	6.67631124454312
4.03494277582252	5.09556812289298
11.8641277446469	10.7334885112215
8.77583990146062	5.41255990471965
6.11599193886674	10.8544634347488
0.868246500673231	4.55406469981549
1.07127400923971	7.7605299123676
11.5425525504792	1.968066027132
1.23962829393747	3.49051422502982
5.06045926338281	6.36801819889507
7.08161966006102	9.09793719037195
3.24476174918005	4.82097551902216
3.45820011670626	7.11584086557271
0.312488154372357	7.40051531490221
9.44058665754265	11.3725025344719
3.10257432290187	6.66527353667918
10.7729578560194	7.21303686532989
7.56805986673421	6.08074801960272
3.18691946142246	10.8667552959679
6.99681926892655	5.77942603298036
6.09084321312122	11.4239058711585
10.319689609005	11.4177421256241
6.25801288681542	4.84549903800401
8.98917576521658	2.15030308671458
0.966225596540124	3.04996972941919
4.8606855627709	6.47920445759497
3.56918563070867	7.96460620302964
7.85352595366946	2.99003812924568
8.03762260714243	2.10435355398277
2.55585831376827	4.4261147540181
3.87797681095092	3.94318433378406
1.95789944664138	10.677278740923
9.20663754476154	1.54678311920871
6.12372755898141	1.1286242360112
6.23239570526884	4.01033843243678
7.44643820182354	1.6220759748306
4.79889163164077	5.93039370795922
11.0704806309498	1.56819025699404
5.04646372899411	1.65990261220958
4.38155265273783	0.373076678872064
1.19584908328238	7.53210176914632
3.00204243245634	6.34603445296059
3.56063362769938	0.521186896171223
6.1089139634539	0.684452659854768
1.00659930093309	6.78901226868756
9.21188735231139	9.61234325922724
2.30763184874051	2.2548144542978
10.3268731573229	8.77115388173154
9.40644188431489	7.3909189236154
5.74166276056988	2.94069529757339
10.4959848581661	4.15394197623456
11.3097219517339	9.02073460602961
6.84346072035755	2.56021845340747
5.76240064329924	0.491242303098833
5.02650078768788	10.4104187735272
0.171203796062745	7.80886813999973
6.69314834514647	8.53193219454433
4.65045961899597	4.792400118745
3.3438943405079	4.63255817705772
6.52803916555863	5.86592567474703
4.86534306476333	7.93646768928483
9.53837891569372	4.09564992684093
3.24097253068393	11.2500261667935
5.92893483108766	7.0688504266392
10.3650186812911	3.94323090402833
4.51149100603418	2.51170395614631
4.31937221054082	9.14120874742664
11.1550521352243	3.65814099608552
9.51252425300706	2.75649428366669
2.14072160900797	1.2163301462316
7.67836135635019	4.06034111845629
10.9090993590073	1.78692785327602
6.77366056681211	9.19266910414677
8.57443517125419	5.72921627203231
11.5441348883167	1.28499073543687
3.92774707821567	3.25213556738208
5.07654344385982	11.5612197192298
8.19319100502492	2.87491248136994
5.72762294522796	5.26965474103669
1.20999105463663	11.3155220976006
5.67822137731058	0.132522149552543
0.78235788519152	8.50829163813861
6.84752149937337	10.7249182101299
11.1281134490435	5.66854430172098
11.1646725480859	8.32887334482186
1.1245024000972	5.77620133690632
2.71377794496388	2.65785533774138
4.25364131861988	10.5532306113958
0.22896590260148	3.84345935240225
9.6913164109373	8.11711267080354
5.14850737918773	2.4409562976227
5.11328018011208	11.8737362526019
0.759727544931918	11.6352787926479
3.99736157138971	0.114707924534035
3.61487216942897	6.11781217567468
2.03437635974535	1.69861229094593
11.4648466573062	9.90920407999561
0.88473778479158	5.79729909234239
1.86018106722745	6.61536995418749
0.553164201644424	10.5291435833931
10.4303803735418	8.5448034724513
4.09076751456102	6.52077326146772
7.55337262582267	11.2242523120617
5.03852400724873	0.36009380068144
9.99961395855159	8.40913243569877
1.91789320798548	11.8875252172663
9.68548925170119	10.7581625879628
3.24487126137731	8.14366560171365
11.208043738317	5.19256831939785
0.968287125182731	6.47167959604324
9.03175504680198	11.0621966330341
5.09616247510965	0.552481530768226
4.93405595368145	2.65219722692969
4.0359827170204	7.56090246771346
10.1776234471558	1.97483865620798
8.48280533763442	2.08492383079715
1.89361634992912	3.88489207446041
9.82955142598675	1.91297877054395
0.48159144915753	7.56406474059941
2.46956599233112	2.63305965634114
4.61153869058238	1.97547444508633
8.96212698001113	6.37835403447545
7.59187444134531	7.94530748256713
2.81423465777834	8.47244743727256
0.596627137802116	1.30178383290291
1.99254651428242	1.92948491641026
9.61327740658764	5.58381685321849
6.99861654048127	5.23699598961066
5.21679988011022	1.88234365758903
1.88586067779988	8.1373590080403
10.1253662180219	6.77944756020092
9.19965621593497	1.00042440550103
7.94702310954964	1.35816062031602
2.98297876603972	11.8942641950019
7.8773016813638	7.8231722219712
9.69915373982523	9.30332482088785
10.4045813858663	2.61953005336396
11.8125171632421	10.3714380685655
6.81141034737605	4.90293689633378
10.3791396069895	1.98388268608984
3.28744741772069	0.174518229594766
5.52114044493767	7.35933478291969
1.83840759947926	3.41760398939925
5.27877385054777	11.1315728473508
3.90733096347424	11.3053365779994
11.8606730580929	7.73239202496457
0.137518809419242	3.24813526562962
10.7811986179432	5.51025262359923
6.61917154784279	7.19262357201927
9.84654456593007	0.406101664079212
10.1286999943316	10.1763946777151
8.63829541529498	11.1411800612916
9.61032924342381	4.99143294671213
4.90019139583408	9.95721413551965
11.8137357981986	7.41792377655936
1.2392559169458	4.95157330702522
1.65043919493261	6.89927607941543
7.74008266138137	5.10761590973619
10.1011315205053	9.52064064820239
8.22927878028634	10.6312650997079
2.99626569961524	6.9770345681754
0.467015490213696	3.11367366311682
3.85465248825045	5.73877609694808
6.58462100912829	2.72527282310456
11.7205331733966	4.49723907566253
3.54501796495182	8.76306371254856
8.51922757733912	6.54502868489344
8.7708000515669	9.28736881577772
10.148493298273	8.65837284234972
11.1454375746481	10.4616188182809
2.17952527500703	0.183213222324448
7.35117155129129	0.668270551906618
4.41584879509054	4.72152824084275
8.05503417094719	7.92929978294386
11.8436911191933	11.8386451277716
0.692731294733931	8.85729720471451
8.73396446953301	10.7752731583405
10.3104853748186	5.391800347706
0.55471699154541	5.64336391175462
9.69137165484619	10.1709425302858
6.74377611038485	10.4624677358942
5.85109237697658	11.1320143406401
0.135626570812268	9.97519370711284
6.71467932185654	1.54070733271359
9.94962784068099	0.849014633590479
11.4679262667656	7.31982676498492
2.19741566506022	0.905005783823283
6.84052107174654	0.192224473362616
5.0369266131617	3.89986570928164
10.0779943996055	9.2101917866221
4.62528989751749	7.87645704614292
5.29288422154136	0.68408609262181
4.9452709942447	6.83807443330038
9.34140669091778	5.70098095878104
3.21369764248517	8.71208284321559
1.2337035974758	8.40409153290674
7.72026383468024	8.11044393298626
6.56326278476298	9.87242642848252
6.72849538113477	5.32013199838124
5.94950645031532	9.85637798325489
11.8057911898324	1.60905086427563
9.58199674851522	4.59158436982513
3.97344505204059	10.6402502691486
10.9687408936435	5.90932179275836
11.7289522420549	3.57471281590236
9.63375315512515	11.6281708739849
8.91891810547297	2.34637538147637
10.7821887735053	5.11081670436557
11.4089948633529	5.29423850515052
8.3965007501204	6.1132672696485
1.6104125836238	2.36541831841905
1.38527312492218	6.05319273587079
9.55872719661985	6.9376730701894
1.60402057780478	11.6719307106909
6.03944233518511	8.94689078763494
1.37126329857215	5.12511894543207
4.58619511451613	8.26288523779371
1.326207811054	0.124838700996711
10.8329870770167	4.19888414032036
7.18649403231434	10.0176481825203
10.3534106499767	0.258973471651867
3.28881147131778	9.74032848946671
2.49433254995452	11.6514026864998
9.64815014339145	3.45890245248489
1.01853507149997	11.5814228667275
