6	6
5.83053508692715	6.10621508008381
5.6494158305106	6.02138693053948
5.85197156615287	6.3050629549993
5.88239544542661	6.50273537990965
5.5587286897725	5.84312913266026
5.86591481659249	6.70205519546553
5.65925744918914	6.35855378713799
6.07358502269641	6.4440280929395
5.47378398209257	6.43338421546215
6.24127203000319	6.55302840294133
5.28496197169087	6.3674581327038
5.7533697119863	5.79714139003717
6.39434313616305	6.42430685673015
5.52242310584831	6.21268959522481
6.13146330171395	5.84927707439653
6.32908936478463	5.81855348093513
6.30630695307167	6.017251648306
6.49697506369287	6.07763104538929
5.99762568382345	5.70065846170822
5.61447155074339	6.57553557151309
6.52090306163607	5.87518832621772
6.51871686587589	6.58093116952136
5.36416233039166	6.60066569524508
5.68454235780983	6.78634061054509
5.43584542642583	5.68533273349578
5.23919620027238	5.64887615859838
5.33524055748165	6.14224320719133
5.07944490656169	5.76920705304265
6.09223623981499	6.24489966177007
6.23060113544884	6.75274353008349
5.68488861919181	5.60923093282504
6.16678269651913	6.94228826583887
5.94573328553544	5.50750779771786
6.72011668884102	5.89290641685545
4.92822816287212	5.90010203548249
6.58512378129772	6.25715765507326
5.25427271172429	5.86634220909867
6.76536177986314	6.17047280130322
5.09575736080126	6.30263826523934
6.02960481283171	7.0878294223103
5.20671267637721	6.72399292845304
6.82248250381791	5.72108895579832
4.84299338256132	6.08103028707789
5.1520817420453	6.06191358421231
6.41005459325948	6.84104107523514
6.06682306175966	7.28433591570616
6.851223258816	6.35110448853453
5.00815153900576	6.48243042298693
6.30768481637116	6.24405609914271
5.83206167294393	7.11908174835618
6.65217681186829	5.61622727886361
5.6364483089744	7.0774234738297
5.30420522300844	5.45973645635979
7.03028453116647	6.44019467174363
4.97139314744635	6.67902345605262
5.22273306984095	6.92335026339025
6.14010596024542	5.56030401457269
6.37755147114137	5.62451373179215
4.89522500878592	6.27408949359738
7.2248618818743	6.39393827119709
6.2592179186724	7.11964589805546
6.14111081809517	5.36030653893687
5.8465840298989	6.90356900517105
6.71537093138045	6.54450070808413
6.76186745295593	5.44899102903188
5.65424985260288	5.41159170093545
5.40725623514768	5.2883290793392
6.20258113259992	7.43120233869565
5.49141126453754	6.93971270540174
6.94843801265853	5.37693947629177
7.2381853802165	6.1943825536846
7.03822103857071	6.19815906929672
6.97430258643961	5.85128366580123
5.97982795334996	7.46442436928602
7.11356164212877	5.99483475569108
7.13299302155394	5.72955714525939
4.65076298248311	6.13623421162833
4.80824456635632	6.48852979067028
7.42484998278268	6.39175664449695
7.19186347794271	6.59119725157053
6.85467495209537	5.20028023233938
5.23668015430435	7.12286336780941
5.10442048796057	5.45045962274854
7.16128825635809	6.78884632398184
6.33772545498178	5.32366387852656
6.57122235295566	5.3885390162789
4.62008948850399	6.4207236944961
6.35949501577373	7.55521053708316
7.61603132517628	6.33302254604826
4.73055340983394	5.86969328655568
6.47974782912592	7.71502061461548
7.30512929058236	5.62772834341543
6.29925379935819	7.8011710946966
7.35701985446718	6.8299454906603
6.03645054075808	7.6562416849674
7.70667726431309	6.15474379319755
6.54080348402903	7.47078755834564
5.03264714763209	5.26378185862519
7.05225536668982	5.16926443364441
7.29818530826273	7.02109594494413
7.16614563059893	7.17131419790441
5.4999238711894	5.11109277033216
7.17726903864238	5.01315043098951
5.73064629533551	5.22675776590781
4.54742166074204	5.7893019781042
7.82504489793859	6.31595515542087
6.61655937173244	5.19374539541714
6.41694538713546	7.31375516731149
5.74852816961599	5.02755877351022
6.2490882261991	5.1443779569551
4.95120750921432	5.61573011692008
7.02946257540747	7.31732016498634
7.33549626488935	5.43004716861257
5.92575954908573	4.93488170983612
4.64396865105602	6.61929304156612
7.0777540884459	7.51140244075736
5.63833386291087	4.86065396600073
5.452119785973	4.78768604462306
4.35837302331299	5.72402860921442
6.60054809457066	7.8744172766523
7.50683677437724	6.14675764380007
5.82986005736772	7.33210041010001
6.05824349018862	6.64719463301167
6.05255666390697	5.10729231252209
5.66268875652534	7.44189000967423
6.53337386903197	5.01186584147974
7.2415320324365	7.39661226233511
5.47181801972136	7.38215424290168
6.51968263845662	7.14215954618154
6.7162462226322	7.10524400235445
6.70893507118131	4.91606258318506
6.62144347421	4.73621481294754
4.54023714937258	5.58943106277037
4.64070460794967	5.41649671173778
6.21249354928734	7.9813728122457
5.31099476009156	7.50104864631095
7.15178108036384	7.6971980393801
5.82029643600033	7.58504648571631
7.35059895883423	5.82249104330703
6.88661760414252	4.82425344703572
7.27030299387788	7.85829600962483
5.57574361563037	4.63046916022178
4.33349296599391	5.92247503207913
4.83732251616615	5.22079013450653
7.33221281370473	7.61091716314671
6.35218021009282	4.92719673282584
7.39443048728165	7.26768568436933
4.47926119899588	6.2787117482584
7.44986799238492	7.94636650020576
4.45141237125842	5.35193318388788
4.14169083644284	5.86580102481234
7.01282861895573	5.56968057928359
5.15364381930902	7.3775954914916
4.6836988740171	5.09272852209727
4.16953019466749	5.65816218325123
7.99883297828135	6.21697180767602
7.146982254058	5.35285246304588
6.39625871112612	8.06030547528432
6.882151667544	7.55311206719197
7.22001659324019	8.05187100261438
5.94526242418716	4.73583488654377
7.69714198201832	5.95497122653345
6.54075130007956	4.55321543307399
7.50054187729346	7.75289258106348
7.13612590315028	8.23342637189945
6.45096501533625	8.2526780832088
6.95307638287321	8.1528480055327
6.73301295026306	4.49812044356754
7.50340769275066	5.69345813727582
6.91552701887303	4.41633649184452
6.63470407972275	6.74386356723293
4.25344344319038	5.38036386308467
6.78321045479105	8.04727544055113
7.64979359973639	7.95182099607105
5.59860049340982	7.63134368351255
7.80854246726537	8.07347130251648
5.44583476082156	7.18384924988097
6.91873745025591	4.61631072301027
5.93411785462902	5.26845139063071
5.99887374275932	4.54315425305676
5.45580901512127	4.47042013148144
5.03738223961004	6.99848394247434
7.07728798299945	6.97035101834447
4.59125265486804	4.91537662172672
4.39128020937869	4.91869641765574
7.49373659235457	5.30773609485513
7.70958810080546	5.7553588668782
7.54032864127909	6.55504987593007
7.6567862534847	6.71764638437773
6.94368855581273	7.92791556834747
4.94420768827893	5.05174706312405
5.79914892062546	7.78392529955396
4.31342847162809	5.18957131510827
5.29861859145507	4.65947768576308
7.8562098176651	6.70247265544963
8.18539007889986	6.28905820173768
6.39601779779825	4.41518567788553
7.92017048393455	8.23942064989244
7.37624664478392	5.03334726871684
7.47329647611956	7.45147947045748
6.26654566470195	8.33006996334893
5.2453751220542	4.85226029121845
8.07579701087546	8.11380065103752
6.60673191005942	8.37812398592508
6.23266395679157	4.7668350628519
7.85175275575536	5.61468473676546
6.19043510536463	8.51502180237023
5.05078988552119	4.80603707493709
5.26616443480779	4.40689900776874
7.67127769790308	7.4231345269736
8.27351066500292	8.08364586747724
4.83845152005447	6.97783039999118
8.30241832679914	6.45124448103905
4.20637046128869	6.07687667973054
4.69665696907252	6.8367832259258
5.67873686249953	4.45902706766762
5.06717482531682	4.42697723763663
6.94466413510779	6.62094075822617
4.61048840013638	4.71630380564183
5.22554945529745	5.20476685009381
7.89345489610092	5.8340544931085
8.09232733340505	5.81284709626884
6.203126547233	4.4680341921066
4.42262826223295	6.47052600860837
7.77565081658007	7.25252898164275
6.6472367882596	4.31744822646719
7.78397148227042	6.88897097420722
4.85205623341252	4.82850784527431
6.58576384216205	8.57702179920781
7.11801160873512	4.59928692312884
7.52340728596873	6.94091946345715
4.11336729194811	6.2539371510182
4.4550721097343	6.68500526780061
8.07118151506429	8.37055290556256
4.20259717598362	4.98501921093855
6.27203547515316	4.25825134871715
6.72073239934217	4.13144178799905
4.76765871835679	7.16488220893135
5.80732718806205	4.30584571053913
4.41051380520839	4.7131161131558
7.91153267829726	7.04301038886529
8.0457231331465	6.89471028155801
7.80482174622316	7.57201698785561
8.15420286707717	6.09103453100396
5.40611275289541	7.68564349706342
8.32967678699426	6.64937821453184
6.90381652035451	4.05094206978131
8.00224100642646	7.92781808677544
8.04649074019273	6.64088393471252
8.23585351789651	6.82600548925409
7.10181800988446	4.343565160484
7.08566867439451	4.13418745446426
6.71305476517251	7.36915342950876
4.96636481429029	4.25424234921848
4.85764827457703	7.34349318219807
6.01334584634593	7.96292850653481
7.27614466068406	4.19517022782711
3.95541067206304	6.37661439517735
7.3482256436663	6.02247696124905
7.98940378012609	7.495013918045
8.16622596512071	7.05433192008548
5.14706474548505	4.16852458637899
6.81260136430214	6.83525588714703
4.45417044903544	4.51793902062249
8.38185228846418	6.25160689717952
7.70048710257498	7.74821210169462
7.15548562718634	4.81434026277536
7.68349165201199	5.37092642112752
4.00641204206096	6.07279861892289
6.39043220232378	8.51609939594339
6.52109551390325	4.14348811408833
8.42407659535998	6.89362259589273
6.00516191531014	4.3432531302836
8.51902281838909	6.71378380741809
5.29195048990363	4.03065464380892
7.57588035966082	7.18356705496072
8.24054071777122	8.47693645907752
4.81955817439999	7.53983254215553
4.99549620441222	4.61369139164006
6.66939805039736	7.65151633466764
7.97562931257869	7.24959621193957
4.05867996460294	4.84613855617191
6.0180533691925	8.61643450884374
3.88385335721369	5.91474999106265
6.12261633623508	8.78692376341202
4.90686252211824	5.41930115468215
6.77760473615338	8.27418901922636
4.99220239728595	7.19552295525348
5.28615179728148	3.83073872357275
4.65279531403223	4.49452613944554
6.16419236776248	4.0898177885567
5.11321561392317	7.57346677629179
4.84817182578058	4.45177080460825
5.45420800199282	4.2704265396917
4.88440341974703	7.72902845689969
4.39263904517432	6.87501082679731
5.92637442775073	4.14513555304277
5.07986040849892	7.77141436904093
5.98386079841304	3.95357533486563
7.880956953185	6.03378782614923
3.77127053618717	6.29856050123468
5.76550072882311	7.98107447958886
5.94684417944022	8.15154856988641
8.52207039216239	6.39422135435438
4.76678950839733	4.24121555844975
8.19813419668731	7.88749615714123
8.43291296927429	8.53164401661429
8.6087056112877	8.62702193341869
8.55760958863154	8.37527665070672
8.14105760914481	7.3646255897945
4.62601593542152	7.59024485941234
6.46824138364771	3.95059840229704
4.44706393950474	7.50093537975089
8.25256101962872	7.69504429057584
4.28952437327972	7.37772302211727
3.98587067130311	6.57428125746412
6.08838655055829	3.78306326157324
7.96742086234772	5.45152564533217
8.20756197840351	5.64938157515787
4.56955555070517	4.27436319687374
8.75368973059365	8.3358738852185
7.12111447928434	8.43286221911233
7.71090137185209	5.17281355617855
8.57463344358379	6.1983581767184
6.68984469908799	3.93384130729871
8.61908744453355	6.93801593666138
4.21522420243083	7.19203649968814
7.77972002880787	8.38180628700064
3.88415565744508	4.94381796142741
7.20580348812741	8.61404657765682
4.22760013898913	6.51484339959648
4.4103985008963	7.69754577014684
8.01951517622632	6.41589955005542
8.35014087697287	6.05093096161029
5.46061457856424	3.73294947085506
3.74275279400421	6.49651690648792
7.02055500898828	3.88854710289038
7.31707459055876	4.69648863183108
6.95125211697674	8.53844052119795
6.64623285010812	8.76766150933667
3.78411460186857	4.77063659060728
5.48060974373441	7.87125114333893
8.47306517021022	8.09698751098434
6.91743307749393	7.09054423440022
6.8085701752972	3.77289329923742
8.73887707472963	6.7778583751868
8.17175019805039	8.66473386160626
7.90675793609724	5.21331301595378
5.10663429217419	3.95543558466096
8.68861061191598	6.03401340162964
7.39839590991782	8.14231888474337
3.94959219174821	6.77096341710547
5.14259327480402	3.69148732995643
4.74470875884801	5.58732743671404
5.01416008296157	7.96031504988747
3.97380086609846	5.69927215695491
4.1486090733844	6.75115733662982
4.02561393091842	7.25565996184628
3.96282337043955	4.67060646977345
5.76140895258708	8.22647371013936
5.9242130500824	8.81214550093776
8.80924129777737	5.87448836400667
7.57385418907753	5.00250479089405
8.03606766798777	7.68949394676166
5.20394540918169	8.02341441558573
8.8424205415545	6.60674802927549
4.50964617526065	7.03721234192267
5.62284901598221	3.84991094876841
3.58439760492416	4.76000074877388
5.49194338148255	4.0289684297358
6.60398734830489	3.75320765784073
3.95803303841359	7.44389604491287
8.10650422815139	5.20324232528131
3.93791961554007	4.47216301941062
6.07012584366152	3.58389863975593
7.17558129743364	3.76218710173948
7.33684905341026	8.76513284380864
8.78448423407395	8.72242568476721
8.12638997523221	5.00423338813768
4.62189197479112	7.39028738156088
8.44999614489271	7.66311669574009
4.96477185052754	8.15412114498523
7.97341079328126	8.63901459808988
8.98437286949615	8.71575234759243
6.31950629548726	8.7517905320537
8.87320292222649	6.92603585894952
7.57972032974125	8.38215323550057
3.77546941778083	6.08283604543068
7.76581236926295	6.52406777512855
3.75730226241086	4.38627139147985
8.63199927730776	5.78183165253983
4.26225916790916	4.4616357331832
7.77403262873861	8.65477364322614
3.53954683467837	4.95490690159712
4.76922338601551	8.11215928102534
7.29686042872957	5.22042688863852
6.83800679579863	8.7108922064143
7.39051456745821	8.44696974203168
8.53595229548576	7.11991851221435
8.71729985942629	7.2042574774252
8.35336433654247	7.20153736572826
7.37191895374106	3.72408822097235
3.67381170496654	5.91059868181475
4.17485180093743	4.68333774400356
7.48285061549041	8.62844508330992
5.39995976987116	8.06314312565159
4.49235174580468	7.23646319564679
4.57377921544357	8.15460425940256
8.88648520116964	6.0630934107028
3.65933068309847	4.21191093252474
8.30164944253735	5.85689853961235
3.57460224136318	4.56024076566237
4.10913905394477	7.57491883709153
5.74541035330617	8.42583279526229
8.83426771215555	8.91613062871573
3.3460766194326	4.90421887724464
5.48417381392972	8.24454873411865
9.04238165781422	6.61069162968237
4.02146350908507	6.95760348178684
8.74268234966455	6.30679970550264
5.90267232091787	3.69325730525959
8.26526743401303	8.84152335953503
8.95345543938347	8.32619599331472
8.82212526440207	8.14794683098639
6.31527928959033	3.82174733407647
6.15683980782798	3.4036746446317
4.74498471718731	8.31068506507728
9.00830265952359	5.89384228504974
8.4641273183635	8.82019857592261
7.6062840839991	4.80515154943251
7.43835689756375	4.31216249341116
6.09804287032807	3.21251261874625
7.4806339827315	3.55621611944381
4.21792318617346	4.26661183535647
7.40757314846339	4.50977919511252
6.80098276318583	3.57303727311498
6.35143077782241	8.94922616062067
6.69416136990632	3.40395389150158
9.19956982321877	5.83538826814756
6.33886734591097	3.32081346325317
8.65908340539548	5.58367401325805
4.93905460076061	8.35902635477716
4.426626550418	8.29005201012539
5.69658807321007	3.6640008859984
4.20316715361329	7.75143715476062
8.10814531819034	4.8050672954175
5.46309022744862	3.53296479353552
8.36179160574775	8.26317473628104
8.89001066412404	5.69152304089883
3.47631373307654	5.87906217758016
8.68569226966208	5.38545199545367
3.16237366758394	4.98329621585747
7.61115299461892	8.78186770064506
8.93547767199491	7.9831705229415
6.33301318632459	3.12089915957397
3.28146081888219	5.83398067549815
3.76599845381418	7.49977733263722
8.30135494599648	4.85673972252337
6.68193763947844	3.20432778996566
7.56526787195768	4.1575869307294
4.91051862707494	3.99466116181006
8.70905355912288	9.07208387773707
5.72442242437419	4.12383801796033
6.8819082646948	3.2077554787753
3.1944353892554	4.77381589679425
3.58016369061675	6.23958445884353
9.11914521353145	5.65227114126795
6.45310654438771	3.62192558362911
8.99580432436265	5.49483218465603
8.99048963813817	7.08803532274694
4.02072581513421	7.83338322247568
8.89069822236655	5.32467723373427
9.39414558079509	5.88165136968217
9.15021667079416	8.29034884818782
7.39820465600319	4.03673614834074
4.22779234509444	8.26848910695007
3.6040289958844	7.38244918299728
6.21643576902651	9.09679427235283
3.82227092041615	6.97555654891691
4.07872121076664	5.47996642448325
3.73389027901449	7.15496909648656
6.7444645152436	8.9418755729616
8.29279610247722	5.46845301441251
3.33487105841632	5.64124420693834
4.1531711737449	7.98324391439482
8.92275548769354	6.39382651149018
8.56191461832838	9.20754653717453
9.1396086861009	8.09063036967181
6.40540048112056	9.16231020616448
7.56520406245315	3.77547758514586
8.73169184531707	7.96956018150668
8.5202018179613	7.47584373060901
9.01233555698827	9.00719018415407
8.5136779737629	5.2834172856422
4.35116696018725	4.11746058096495
9.15531158570401	6.44562548722182
8.99394891761643	7.28800540397284
8.66819671545413	7.77990689657945
8.39800336642136	7.89472906733152
3.40240077154588	4.45852226295632
7.91294404299372	4.84861568415481
3.22443030213582	6.02567710258964
3.71703622793096	5.71532543578628
6.26509153890456	9.30483529425155
6.57602780828646	9.05797269984858
3.27133379698425	6.22009948342837
3.18071499668669	5.18245342925117
8.12639036250542	4.60590123817395
4.78457041570035	8.50672835742168
5.9686982284001	8.42261998390465
4.33741236407785	7.90542885296905
4.22276104088104	6.98056395871357
4.09525991266141	5.15377557941838
3.20802163516261	4.41143987411616
5.11737530802367	8.44958973237098
9.04562188727606	9.20440078279414
9.35045936061578	6.48941299625106
7.69766981299785	3.62563491788239
9.10586211881473	8.48536852339702
6.99142238682967	3.63413350660275
7.89506780872715	3.65779127467315
5.34922750259508	3.36854070804642
5.28381367391605	3.17954062598942
6.49772316538609	9.33972644547195
9.03126368989233	7.807599913854
3.56684465210272	7.04498837758703
7.69704652546062	8.96248414884274
3.15738912028734	5.54904788576454
5.80259796251988	8.61748241658312
7.40170987068984	3.37244728493036
6.50996429320187	3.0276880777494
9.14738954518345	6.2457824456267
6.79579051455047	9.13517751758491
9.02820027809032	9.40364055676856
6.51266452429288	2.82770630669999
8.25600413954539	9.04130872280173
8.05733250963499	9.06432140340923
3.58580711576942	5.56439856567597
5.22428807814567	8.22237716541449
9.11294576371238	9.58479850626756
3.36709813298562	7.03492219158627
9.19162195047719	7.25758547498497
4.81158812283107	7.91530226755229
8.41646279975047	5.1086339628058
5.41520536715824	8.43228086602454
9.2657744004028	8.60548539230934
9.31555464279833	7.41455900069562
6.71118108643967	2.80339222531864
8.1162619964399	9.25544260993773
4.57924944913771	7.80473418966116
3.74959574025599	6.76977203533569
3.06600064056837	5.90361137301896
3.19972781864967	7.14440816273821
3.37817040042103	7.23473116651227
4.94058893181046	8.63186117738032
9.20923424993373	8.97210593246804
9.15896583211294	6.98025883150801
7.6967301487912	9.16248389860709
4.71069831521555	3.98618513866142
9.11719935753929	5.33588802490159
5.76546849479578	3.47623643909171
3.81180931559313	5.53920598241732
6.49180159950257	9.53963876389552
7.35686090743606	3.17754071630051
8.64956491492004	6.5483159573319
8.21169318014975	9.4312063410535
3.53549019067704	6.84746142310055
9.31587282248486	5.31289119193441
7.00732080121555	3.36354923886675
7.67859520891183	3.94022723736032
9.33913627153396	6.89343364645877
3.47996664077747	4.12343189363829
8.45640871623082	9.0376391958894
9.31838356210528	5.66970904416866
6.89123106084279	9.31093616494948
7.07679403247166	9.38554436530484
3.03614628436346	7.25947806167173
3.26490164902289	7.39956499179308
3.04232924553838	4.5234489452694
2.97494952238109	7.44988540481498
3.93983624581478	5.27964648067815
8.86351598840994	7.69869303322944
6.57975780327643	6.95139536041316
4.46626328269813	8.48608499065202
9.39955851538164	7.08408818337938
9.31984390544814	8.18439319112486
8.00919415027939	3.82203249411547
8.71836935010375	7.44883208118565
7.27984206082091	3.53102924140003
7.89525704369564	9.18671346731146
3.35690469622501	5.27709586041499
8.76403866178159	9.2643769834003
3.68264152334753	7.68157838363302
7.59532273660825	3.32230690049965
6.808387182115	3.02175910672387
5.53243393107258	3.28831973470081
4.95342819477243	3.75642247064807
7.49863635163493	3.03647433681123
6.67682127814735	9.46369326689813
8.91751402456734	9.6273006866204
6.70058503767182	2.60367311318736
3.22686395177852	6.8923235435521
5.77023162710458	8.93977669374628
4.05116128346306	4.15620138383847
2.78777281509146	7.52034731117731
6.01599455330546	8.98984230919867
8.05818134704972	8.86432320472973
4.07589405257973	8.39859256090543
5.66811751640015	3.14138449497713
8.20871576306645	3.80820766027016
8.74008173887776	5.19298956889088
7.31788102720852	2.95087344492624
6.91396840339915	2.85189855888493
7.69277767815233	3.14765715280833
5.08405321685508	3.18932631936252
7.10518468092262	8.78689291298588
5.51042850308764	3.01836345986311
3.53259270608418	6.43384459739646
8.38466255007311	9.53161349751317
5.56384544816963	8.56609464078979
9.37812109007068	9.0792377915416
5.86759239491386	3.15586803190511
7.17004089668667	2.81617639296413
7.79285071798074	3.35365489206072
7.92642207235582	4.6094625489785
9.312984116478	8.7998336434157
3.32320127020818	3.99923600566178
3.35945438916377	7.57580284054257
5.0463040306626	3.38573151008263
3.13722734891431	3.9256581516663
3.01892021884185	7.05891774308936
6.06084046440927	9.22245294169589
2.87758844589421	5.97069970954676
9.19564145316562	7.57462407168899
3.92060378327323	7.64166051606957
8.74082760216806	9.72101252226427
3.83234681989424	7.90056472403958
9.53127740241634	6.83791981193761
4.02765644117835	3.95758738033124
5.67242675868305	9.11423072125223
6.3458017998055	9.67632840684047
6.59214016720968	8.10636981594822
8.57302964102962	9.46439862531525
3.3973529654386	3.81349014138897
3.79353724097029	5.1221107055187
7.20490433217412	3.97361704027203
5.51344607882685	8.9928835192554
6.18878759972743	9.80020956349411
4.94661568156148	8.831770352476
4.33837663982953	8.63985431976482
5.12798281241381	8.91606723169696
7.10143268684451	9.18706782585824
8.87706153445073	8.54514217325261
5.19647738041562	8.63328203526716
7.50024837840717	9.19983244485402
4.26339018515349	3.93775182279031
7.48359069930656	9.00052734776169
3.07235381474815	6.19992606851366
8.00066762173906	9.41865394697509
6.9422747986652	2.65391182198813
3.63421127252184	3.99611891873767
2.95419255247729	3.84504634550084
6.49713792768931	9.80708534316561
2.68575083989925	5.91414590396198
3.54831993894929	3.68230716646835
9.23111102464114	7.81541290264191
9.24452725706777	6.65905494105805
6.01666979347838	9.41751434697514
7.30890478093927	9.14162911412421
9.57688904604822	9.05707251066107
6.85478644182771	2.47406247553984
4.01436995585778	8.58889438833373
3.15022223081797	4.12523553777081
9.30878463038082	9.62538345793711
8.47680486365972	9.70912348046316
6.05724619616898	9.95086433158949
5.21968924699936	2.99009918946456
2.98683512435264	5.23155124084937
2.64813572769558	7.66353070345308
7.06842506329967	3.13556487108848
3.39088029469003	6.70930217446831
2.78619801380282	7.80823317459592
3.00524986374279	4.838691446399
5.14324308679223	2.80528581173019
7.79639231416036	9.36056905466463
9.60501212899815	9.25508536934805
5.24180163510372	9.08052171050943
9.48306150499417	6.63913497628823
8.09699635047551	4.40807304994794
4.66125537353043	8.66418755967621
8.14556556109498	9.61995786554575
6.5045741401002	10.0069470522171
8.39214124101573	4.67853240326661
2.67941081460944	5.71424641902186
5.11462785691261	9.23488112920683
4.88407271295739	3.1921188201815
9.36171064290197	8.42999682466136
8.13283220559859	3.9932527512778
9.21037131790298	5.1429811200406
2.87869016868264	5.6972835466186
3.19397023012932	7.68811932690439
7.63985014403294	8.1809091919338
3.97321597599125	8.78461446891093
4.05767833125136	8.16331676127786
5.30908806479238	9.28162754673117
3.74810475183764	3.67303200937169
9.77652545948666	9.06912665639745
3.00076767218994	7.73981818187892
6.1848589842689	2.98654763404024
7.75816258689908	4.50134804692705
7.0239161177797	8.96963705282266
8.35173000818864	3.6683973398638
3.03060089053311	4.31912584823108
3.21157500565394	6.62070413090252
2.8193763221926	7.07241712492832
6.99987480770304	9.57016135493741
2.93675184468817	4.1425122683625
6.69167136666628	9.85352607011721
2.84795473569141	7.9984596377959
5.82093056091392	9.45857713834489
6.69720897897452	10.0607226865868
7.0464857214769	2.41704154796072
2.62057638022479	7.05054058330048
4.82837741196331	3.60033819303234
5.5087664521679	8.79293827401477
4.76179697064844	3.03385118974876
2.85603819882088	4.97186756682317
3.04788113631911	8.00388497944884
9.62492330650471	8.86292640634167
9.80075506629861	8.76762062347526
5.46230316675467	2.8242399115676
6.35824782244172	10.1432871004807
8.50478802470777	9.90715616134629
6.88927710755299	9.82267204009496
2.88398803186201	6.26714460641571
5.93669735436491	3.37288907506797
4.62888242973494	3.80368538281768
7.22719207146955	8.94536750606606
3.8170261836353	4.07722815541622
7.0890071011376	9.83306096028382
7.23347562677214	2.48799769862913
5.64196329831387	2.73636365124589
8.36468740289073	4.48042564726822
2.55987530384708	5.55389910327638
5.0056930869999	9.402610720824
2.4534655303208	7.70939478802981
9.16826948732974	6.04687536175091
4.41779294051326	3.81063066350787
5.87442031942844	2.95598461726842
3.68577168685293	5.29059389561723
2.27691206300473	7.8033568717587
8.63519064730091	5.02270199181077
2.83294505190337	5.50258535892582
9.53812571259629	7.228307224619
3.81788602813627	8.91060100509384
6.6669855580145	2.4052814604341
7.88388872336304	3.08869472071406
2.08300484686596	7.85234658016071
2.57851188760906	6.85501416958361
6.8962290929194	2.27840331610565
3.70060023769658	8.0510400977033
7.58193690051621	2.85464744508155
2.59923983471442	7.87927287667829
8.6214572086692	10.0696009258473
8.18336917485223	9.81635258743739
9.68534952430273	7.36367763965355
7.99268466314961	9.8766801681674
5.65548475006515	9.31351185017314
2.72602193947217	7.3301189500945
7.87470031641732	10.0381722544322
8.41928777023905	4.28802294488224
9.40417732894286	5.09359255775325
4.62274356822226	3.17760149852652
2.86204550196107	4.61003862018363
3.39393060855551	7.77280890719143
8.44978023656892	5.69939245559919
3.24366751249798	8.04472239982217
2.49088581190349	7.51292666713924
7.35940093458077	2.33261810906441
6.40118088709538	2.66165993174042
2.77444372045973	6.81488043220746
9.52211757437504	8.31054132526768
4.68787532117191	8.86240808935859
4.50822886602016	3.34157217572084
6.76480240297516	2.1276484648726
2.51872188898158	6.02415194722935
4.97699253971059	9.04722338881132
7.26825324128336	9.44336625874664
5.27649039575769	2.65613771535124
7.86512296283192	9.72264117111776
4.77706048446853	9.04201058853839
8.0627091314972	3.54872071540114
9.66172874232707	6.54925717978749
3.98032565668638	9.02727733978302
9.36509871301668	7.98958045439562
6.09497798454667	2.80788200811031
9.23372725905484	9.2723446501257
8.38800079817263	9.30630879291444
2.66840974180998	4.66009051715776
3.09814250694245	8.19746647294205
9.10570123945132	9.78466725537115
2.7531707925461	4.22187219083228
8.96322225690166	7.48563099017392
8.32930854671425	10.0031090289591
8.81897510522593	10.0381894543789
2.29502128888818	7.58734798406984
4.84372945018505	9.5199469059917
9.72173688457257	8.29820718580588
9.54682920366521	8.67880331951741
7.29585911269615	9.64145188635132
2.37309812689332	5.88706175824683
4.81068133680035	9.32269624768681
3.45758768832949	7.96240789504381
8.45382164918837	3.84037785282379
3.72449767072252	8.24960724678584
4.44374944094853	3.53089307721466
7.94305734744495	4.05638359328679
3.35520177140633	8.21073477613721
6.00811457714097	9.61733128387845
3.01848645752844	6.41516546134248
7.49584359657497	9.63896066020287
4.17875624384604	9.00227129892344
4.64379734157392	9.52515765894169
9.60032715535912	7.03822571442345
2.36059330966646	5.57083093115756
3.07132524734973	3.68293548284223
8.55182265915455	4.01472177168995
4.61164873165117	9.15443368238431
2.23236468635937	5.7449558163743
9.40697149248727	9.45114413944186
9.77742134492449	9.35645135113517
8.32042693754128	7.46635704767087
2.97416097934729	6.8042495102137
2.03421433409948	5.7178184270511
6.74480890386736	10.2549757358555
8.13466773142926	4.21165292099717
7.70579917521054	9.60174480765724
3.86942152566246	3.51402810882603
9.78319762172494	6.39036944792054
2.88667629781385	6.56558514687604
9.84130801347209	7.23847001346405
2.31681896871388	6.07898011681269
7.16114228719217	10.0195992001513
5.00210506349563	9.64208275293476
4.60285075863851	9.72092123406718
6.02122379656564	2.62197794748963
6.74221449432869	10.4549589077454
5.86804100585318	10.0156825077252
9.36025761224935	6.10291606026416
2.22711996286519	7.39922725176126
2.7734917438147	3.93076225854322
3.2293920366883	6.42149932823671
9.45208142485899	5.4593398745481
3.65736557815983	8.43800385542877
5.06460707619291	2.62139351217139
6.0348369999316	10.1496049362077
4.12310175677435	3.78183132288006
2.45371219561148	6.69872905552181
7.72997730123195	2.72017053347244
7.92335019716896	10.2321650097166
9.61634050255027	6.28010294448123
2.65884448103585	5.0052537565746
8.21684618014514	10.1684940830168
8.58880965006813	4.7148853519888
8.04889694624835	10.3878506346009
9.80313105623945	7.04214752382912
2.62094218238134	4.46580508074554
4.06130139916798	9.21015141976582
2.70591836541815	6.47998976221057
8.0782432654089	3.34932490129358
2.6428833393358	5.37193848653665
4.53644237702146	9.90957416102832
6.58435504202373	2.21389665282844
3.91661830110422	3.78075008451964
3.69949783899024	3.40854853398938
7.67551971993817	10.0200866251589
2.11871057184865	6.10642211184752
6.2124711081657	10.2802146345083
3.57732847369686	8.62129068504067
1.92424919627805	6.15316367163309
7.77065050427897	2.92383991872556
9.28748221747488	9.86806795098454
2.17548786184023	6.2981936930091
3.81660082856225	8.5591055936491
4.89185241915987	2.72216964264581
7.72730734729684	4.27481836180405
8.76661533578515	4.62331495214966
4.83124775178538	2.53157301546572
2.64787141853856	6.17686212703151
2.36146319369007	6.37176798161146
8.12409899593501	10.5731737354894
8.74576379038501	4.83884259396114
9.60409410183144	5.0993617793486
9.65202404662359	5.46413028182694
5.71639604758532	10.1460811527793
4.64467947334988	2.45951555588229
5.87199097732509	2.75513036264427
5.74576980547604	10.3439123493772
5.00320093539416	2.9480730514675
4.74134782000821	3.42026640144873
7.30129974651158	10.1622732573486
2.00926468786302	6.40941354929807
9.97741437458856	9.35478159492933
7.68779082143704	9.81512528666364
7.43123695294152	2.14596445529338
2.81313475447377	8.19540523665001
3.22901487253808	8.36590199739871
9.88204209219157	8.41779916049578
4.44597887664343	9.49569828127438
3.0098576053049	3.49261541300868
2.55551810198659	4.25242401425721
2.52750111333512	7.30583970814046
9.51451522721554	9.61976900451429
7.53362141133894	2.43083839962678
5.3264304918576	2.46247309080269
9.49729945815363	4.91659462259227
3.74755168019129	9.09782568161687
7.92963925193635	2.70854704686502
6.03089461355379	2.42221189607252
2.32846133707713	7.22680357046186
5.18880806591291	2.31735221746911
6.11354117418719	2.24008681263954
7.47653121052791	9.99999749569337
4.24657950698068	3.56441944205058
9.79030697323392	9.55603582092946
9.41301060871626	7.73227120844882
8.86071956367718	10.2337844445719
5.51897917995143	2.40838979658583
7.63910796428173	2.26091904478971
9.25679347280634	4.94844324831859
9.84338108364307	5.40597115199229
9.05717989242012	10.1963232749397
2.46690491802798	5.06146055467185
9.84507955539657	9.74838956860087
10.070311292836	9.17766535462335
2.62246156111652	4.0618724561411
9.95039336067483	6.90681898399963
4.98886698480249	2.322206502627
9.04893904363323	10.3961534238444
3.3772411645443	4.6926860716926
4.46162821340041	8.79736320717217
5.1267843267819	2.12721264824638
3.62042964085581	8.87880517011263
6.53184393547231	2.02091327611234
7.61102975954649	2.05835996515099
4.85231007417202	2.17608254785208
7.63206900609202	1.85946966849277
10.0319291109489	8.55021472456606
9.67780402845975	4.8304662294887
2.31935046029259	5.37512955820498
6.40196818044161	10.3441744625166
7.31679759134306	9.84035281674621
6.84631564498146	7.75322007259487
5.12558462149782	1.92721624651067
7.47144252815919	9.39774713099805
9.78740275326148	5.01937466594337
10.1339587484086	6.82742283531366
2.18938952539188	7.08307107171998
4.2204305543934	8.80137435236231
7.49608746355454	10.2076356348127
6.38290922186983	1.88742750501989
10.224907015436	6.64929812415683
8.65350903991206	3.82919992877838
6.34480649315251	2.46976952628049
5.91539243640127	9.79453908454379
8.31910253160503	4.11492494385437
8.61899864442597	4.29877314169433
2.34296190530243	6.95494798976903
2.50758885443414	4.86564222734138
6.19711659735377	1.96146196102137
2.05453077092169	7.23076371318444
10.0318075289718	5.47301945324435
5.87738532905052	9.14280237163829
10.3313138598438	6.85984134839474
9.41917242804834	10.0185926613783
2.46225070040282	8.02499170552534
7.04990416853051	2.15040342885602
2.46522416412287	3.9382747175426
1.8932050701468	7.78929069417568
3.48037905017227	3.49420071885905
4.6540160925893	2.15001538713076
4.92569098034074	1.93373791998963
1.91533965062305	5.87865626348389
10.4248791196912	6.64595783678328
9.88652861705493	7.43329069258103
9.22420056064382	10.063156895028
6.02339232444153	2.06055725354889
8.86491988564728	5.0367351701971
9.56106544870247	7.94961749023307
8.3189083674467	3.47110887112067
6.09402511957909	1.79007891865651
3.42750288307955	8.48880562023646
9.52076630860703	9.81967129059786
2.28072548939194	3.86107213324304
4.67161452462249	10.0569800310367
2.30127019773589	5.17355488741781
9.29961136855836	4.75308043762175
3.31439920182467	3.38261805917348
8.12906691652656	10.7731120253815
3.43530389627585	6.10168725080974
1.9604295603758	6.60335975401295
1.69324790969538	7.78515137246767
9.72691340952284	6.79636800423418
1.97007907428288	7.41205880670555
10.488601962675	6.45638094135015
8.67762047394478	3.63065865158674
5.01135258129141	1.75301135823799
3.53068856442741	5.15471063291404
4.24734064806414	9.47239905066729
3.21224095655297	3.21067710150775
9.61858252520551	10.003242965884
2.91458060100156	3.31676805746706
9.24887929808916	10.391265208618
9.58844236457107	5.83423027928656
6.05216985632196	10.3998119114728
6.93782884308779	10.3073522865566
10.5170587917183	6.93399537918827
4.41292871008252	9.17702467677925
2.09532735394485	7.57628758864969
4.7520822678758	1.83444031198085
10.1482201740026	8.71293039269248
10.2207140578412	5.53870296221364
6.63584680200017	1.85008176919986
5.52800122876321	10.2132182680062
10.0858834433817	7.44934227257285
7.67001048645809	10.3063816833619
5.26659110848745	9.47706042192062
7.72995178653833	2.46897478348875
6.83407980805126	1.82355489015333
8.87627795595128	3.60752415693396
9.68836984985357	8.49540414570654
10.4358744695745	7.11677695878
4.83137685811717	9.74625510957629
2.38639472562083	4.12208418309172
8.85531983228254	10.446269299532
5.34163466894555	2.18834047612165
10.4868304588106	6.25638878706889
4.94201327722699	9.91286718226778
5.32480433610221	1.90956673340278
10.2084984832588	7.01769059063013
7.11629043725996	10.3976377195208
7.04629527329318	10.5849894663001
2.19007212063962	4.0839078190245
10.406784744882	5.46537016311142
8.81848133089445	4.31314873904949
6.52822492107411	1.68150676884116
2.61534143475883	8.22503297156416
5.49348463153458	1.80210996101105
9.6375295586064	10.2023434679559
9.94652632671644	8.90455396359445
4.19286701166503	9.66483767188834
9.88238489117811	9.94487954779123
5.11870251156777	9.81916064851441
9.96791801988941	5.66254024532061
6.14007120571623	10.5794597691685
9.7861279185715	5.8038918261364
10.5618766600663	7.27209420827687
8.93672747193641	4.15184824268111
9.83274863812778	10.2458119736908
8.1707773179131	3.17201881248908
6.54851962878865	10.5047815839424
6.67135991067161	1.54182006670769
3.41105677728119	3.18894534069178
10.4828750232703	6.05642790457012
10.1163200076225	7.2516718004299
10.6635641573558	6.35001143282594
3.99314482301907	9.67537557312463
2.67212025864123	8.41680409858418
7.05850096338776	1.95058827648218
1.58708377563078	7.61565453875591
9.52837627444883	7.4876106813749
8.89372921759953	9.85268521538898
5.41398354693135	9.61224721524586
6.75409107908986	9.64816380075734
6.98259122304691	10.1097075654267
10.2916436618965	6.42163288018933
1.79157361061952	6.71054029437316
3.38607468744393	2.99051173671463
7.7714269230736	10.4787612250257
8.28340359160828	3.00674533466055
9.9528515211355	10.4057347597259
8.5228105634994	10.2435803481843
5.32757066613053	9.79261576580749
8.56708589616764	4.49191833725525
6.1369144958002	1.5947317881238
10.2742706912595	7.38218391615286
7.10038165633683	1.75502241146963
8.84053501163988	10.6457220735878
8.80439146352025	9.46026381652556
7.44653537086034	1.93415079192915
8.25988516028128	10.4263332861162
7.20084825836913	3.31308020551294
2.47591690034835	8.45558865987596
10.5876047963874	5.37990608309197
10.7318379018614	6.53799732541148
1.99875624389228	4.02561343418003
7.47809573239223	2.68371760040062
2.79649628108753	5.1701417566918
5.71434445757139	9.62780893965379
2.73541787927276	3.40565404704207
8.65646333829203	10.4676256755776
10.0969906380114	10.2670844262022
2.06092702437717	5.51961037429308
1.93073971865801	6.8541814944984
10.9265130489185	6.58384039597044
3.4011805113932	8.71601077465354
8.90459483439455	10.8351853658337
1.81338427689114	6.44979751390641
9.86517222263707	4.76051510504649
4.38458246067328	9.72180421129144
8.73125577088939	4.13317179140951
2.53553825633919	3.41259208249418
10.0202768920145	8.27326148333889
7.25029563449899	2.06075741755423
2.44712647247937	3.23319487940917
9.76496193224528	6.1462684547732
9.96195358982147	6.3006682557887
1.74441800181671	6.92687412021318
5.46163426992763	9.4109707154678
3.87144227487226	9.27302838630895
4.43424334644215	3.1107608941842
9.43765646445434	10.4573195912064
4.23427695508876	3.1070945159845
10.1739555561903	6.25992477966472
2.31535749617141	4.92084281520482
7.5720301430895	10.494282955985
3.5331914966841	2.85502504202105
8.49831953200684	10.5900615221816
9.05711466042778	4.93711311649725
8.69070584611594	3.43108717808629
2.1379724568932	8.04464468688018
3.70896633710789	2.95043576193235
9.52213469846536	10.6386023206055
4.72576032239268	1.63617999021681
7.80478849684261	10.6759591088776
9.42674375316133	4.59868692485271
3.93227400679836	9.46355266400308
2.33289970244262	8.1775312719555
10.3037012473593	8.83873037611002
6.7281379364306	1.3500487033843
10.1920714540563	10.0911309141024
9.19017205103052	10.5824547981432
7.46284756109014	10.6618513413921
1.54918852983686	6.88345231381974
1.57269105599178	7.41617308693295
1.51629704478007	7.22428844580852
8.32987358726417	2.81221888529249
1.635572723487	6.58538549736615
2.17634284255386	4.77705503380601
7.33673326024175	10.8170775734585
5.3360306374805	10.1571175364372
10.4818660435112	5.8564304496867
1.73112288061279	6.10118073022379
7.74938521393557	10.8681321461203
4.04118870042842	3.05497037654581
9.07627481216909	3.60864554134177
8.87339038150973	3.34968471787804
10.0430793527093	6.56599925821407
9.7763001064247	7.60017291285701
11.1255872098626	6.56461857388174
2.40908809567777	3.70769990202921
10.4326119088611	5.25350511467699
8.71045890784558	3.23206502717764
10.7580444982406	7.31105802823865
4.37093486788482	2.92104522128721
3.21545222444269	2.88616627625089
10.2394295278931	5.3052793136912
10.0449301470187	9.54304104482006
8.85174726455523	3.09051079637443
8.08569407522792	2.58345950900677
10.6551708093776	6.72271916204725
11.1069848419764	6.7637515744342
10.5870843823328	5.68634487952973
3.14902355996845	8.54920881645732
5.51850924730914	10.0134436392665
4.53308431249125	1.58255205711785
2.57911830600032	8.62690552965666
10.2018343000694	8.18937520567441
5.94038920395938	1.63185064676574
5.85454005088332	2.3278770232772
5.22878148688496	9.98830515627355
9.59607348469398	4.49225646859567
3.85394263987217	3.28147846087797
5.61987595637826	1.95711071263587
5.99849600319125	1.44047771272588
1.44143705259038	6.71496012067358
9.92321876111235	6.02397873273189
8.38800969046846	3.17720812849326
2.33847751576887	8.60088289777413
2.32097241116004	3.07800095938445
7.94832414252935	10.8887064672503
6.19937909918374	9.49886119453954
8.95870493574658	4.67900683294622
4.36231789385453	1.68666176015262
9.95999413928211	5.12043016293131
6.38510641201962	2.23121668289444
2.27478281557782	8.3689011427846
8.83046251614285	3.92240651250421
5.20558336138319	10.3087206635778
1.89526661403711	4.19675634671934
6.59672789955967	1.1992793357741
2.25374690515918	6.7024549935685
2.64332902197239	3.19440622678451
10.7189998215792	7.11490626754197
4.46870385770619	2.55455545644423
1.98585710151552	3.82602983734416
8.52689520193194	2.84660614097982
4.51627053909582	2.74881664871272
9.08664656291274	4.01946899143368
5.06563743569423	10.1658391116438
5.12819609363946	10.4931419497439
7.24322292669903	10.6199107968026
4.94239623933062	10.323356118722
1.2738642053899	6.60578438673455
9.47274242422855	10.8324073856727
4.42133992905682	1.41668104466885
2.83555602532002	3.59069170583611
4.42629807542698	1.87615196139257
3.67228259452651	9.29134290854069
9.97643167953747	10.6043398355164
8.33405446717795	2.61226258945976
10.7516125374585	5.26544447001249
7.66140726190514	11.0477425020482
9.10962699720585	10.765518978977
10.3164959478414	5.09066444532049
10.0060529608701	4.90247502049769
6.16238443653092	10.7782111710016
6.9991689326931	1.58252318082608
1.91034383786624	7.09216310591281
5.96752739754066	10.7331475009785
5.82240332044884	10.5286481184717
10.6967934520793	5.07310397017383
1.36905088206408	7.35963454869078
6.33493794753284	10.5344380751336
10.3350462768487	8.04019555142311
10.6795971131401	6.09248923229473
10.4325367051503	4.92777017702606
1.80657186561025	7.26313496843441
8.70954507888012	2.92808633765862
9.04917110601731	3.05851350238958
4.45690444658897	2.18388276097405
9.78502724513317	10.6623427879444
2.10483011563403	5.21112208246635
9.24788413938352	3.71135989677962
6.90833530080394	1.26327941231366
2.33847797948083	2.87876854465791
8.0929174805594	2.945794194413
10.1789519645928	9.89156168051115
2.12630269568808	4.98609833155561
5.57299410462657	9.82100819470623
7.60960229623028	1.66073555730903
8.96793607957598	2.87575445205533
3.8930362621905	2.872216437721
7.08598672948906	1.1714101035858
11.3249467562446	6.54862572340573
10.12233420709	7.64599257596717
8.67782454926219	2.71537987792831
2.31673363624316	8.79969739348099
2.26480488503178	4.59768260827569
7.20128217119416	10.9642271656286
6.272412272903	1.44762518595993
2.13691816444324	3.15625716850238
10.2041536025466	4.8749770975333
2.33551262875036	3.3991537595212
5.14828758317774	1.60724165885437
5.41138960674242	10.3757043585176
1.90537162147918	5.2258295332815
10.080806297067	7.84163365725924
2.63973553188337	3.63136521503102
10.3842203371395	8.27144428317542
7.82888909887711	2.19780707324951
10.0122233991199	10.8011111566212
9.44923507128999	4.35646810256603
1.76064042749739	7.48454730539756
5.6909284855803	2.51053399022282
3.12608164386153	8.7478886304429
2.40375435188635	4.38268438488278
4.60311574553315	1.33326909981462
10.8061736373345	6.85386086383973
2.10087515881036	3.66241184781941
6.51730772360577	10.7023311143768
10.2279394982624	8.51046641560577
9.96282938530371	8.08168960655966
7.99013751290363	2.07948991906665
9.31797041596838	4.20557214415992
8.60362714263533	10.7600918346077
1.23609778872107	6.80218626496385
10.3211344946142	4.71275665834309
9.78964013214486	4.44193795317016
8.48603193713777	2.48225163367291
11.3689143163163	6.35351843583976
10.906680951435	7.02677205437493
4.25241985081497	1.97497687224898
2.45643010735187	4.65495192092022
6.98131606795421	1.00098694608115
7.88714264306529	11.0791187150794
7.83177952208068	1.87022651763847
11.5232880433987	6.57433046635445
5.95566286005816	1.24511824443897
4.35419863315634	9.99195873374693
10.9334694120794	7.40711061594278
2.15102523877777	8.670608387022
2.72921988952031	3.01378851206121
4.86929871750057	10.0991803401601
9.37689226010739	4.01444858129218
7.22797487760071	1.31226238718754
1.8104123501093	3.92204618597298
7.92711119270967	4.28367405817683
5.79110607631097	1.13144738219724
10.336187037141	5.70200020974592
10.7571845351435	5.79153964182225
10.1378750118563	6.0632062133814
9.5591562190429	6.08195552077714
5.96941099046296	1.0408529144343
7.19620816977781	1.54823704588678
1.40852343810088	7.02562591181496
3.60935326834765	3.16289727683416
5.15870554258893	10.6908011856141
5.85408273531774	10.8978603074422
10.4258396370631	8.53937203898037
4.05627901047103	2.01407637031701
7.46805160518657	1.51944365426768
9.63831835187965	10.4023419124628
1.03906697302286	6.76785176823974
10.8582415884753	4.95505949019173
3.73418638370692	9.49114421303507
10.9735176245015	5.11849582494653
5.80841013232722	2.13326964773864
2.27830680989314	8.99597112839391
5.5996445460943	1.07363317592325
3.02908683775092	2.81358568212802
0.914171412927136	6.61164325672908
10.0738835873608	4.71432878452716
4.7781898546004	1.23657858148781
11.0942388559276	5.27795235282476
9.67270250654569	10.836403068308
1.11604404800358	6.9621459453203
7.76515049045964	1.53501857646721
4.18436738151859	3.37434142794719
10.3519294602027	4.51514170421663
4.15820155255506	9.95214486184563
10.2759107237799	7.79765340399653
2.20512479575662	6.49650091764522
9.20637215900831	4.57614415021161
4.65011329904409	10.2558209154107
9.15585514424469	10.9601030441555
8.1888476052852	2.05681175367104
8.07336687855314	11.1520607065313
10.8586071543632	6.30575954791302
7.17037505280388	0.935743553713707
7.4250519215813	1.27819423878068
11.1011998260941	6.36611100346457
2.35651769102646	9.18004464107933
9.21259333293293	11.151886197598
3.66975621300523	9.68048188256586
9.51489029881325	11.0279158424412
4.75641020665037	10.4252345141368
9.16244175681035	2.8291975887203
11.0312114535285	5.46776159007844
9.64772214785429	11.1774340683548
10.1801691682072	4.41267999383854
10.9686409808134	6.13874889844198
8.28816975539744	2.41759725298503
9.19956076425159	2.63267232498412
6.67046550367458	10.8309495205417
7.351200695958	1.681757747964
5.64532996799376	2.2533559991058
5.75207194750201	1.32760124218507
5.30311007117194	10.8291750708841
2.96037757434466	8.61563691373572
11.4411989264388	6.16703804775719
11.6953983304028	6.67620317667163
11.1469066434837	5.63090147796982
7.06403039168323	10.8187556941261
8.43287153278817	2.27953423976294
8.08061691830818	1.88862697910305
9.21403584528627	3.17173725319204
11.557961427007	6.00466034466634
2.81242076730597	8.7502057929423
2.9047592895031	3.10963171241304
3.5879172800388	6.6260403088906
2.07852708823518	8.40741983286109
1.68475245099031	4.07764049741592
10.4732885982104	7.89566506818677
8.12288918464046	2.24562247038503
4.28762465852681	2.73922275563259
7.91457280003692	1.66795831244029
8.38949211400885	10.7578607864586
10.7681937939119	7.51973374873252
4.7650625618144	10.6250472683596
9.9097878069958	4.28204881586587
8.2702178273636	11.1167095544649
3.41267344868923	8.91568028257178
7.34233091353494	0.833610395727489
4.31214524000382	2.43009904149055
5.19399613800062	1.41253488440622
10.4680025620527	4.35227048199819
9.17593321047063	3.36807418099755
3.97704030371759	2.69071348731216
2.05825695333734	2.97237564722482
4.05862582922719	1.81409013968668
4.03502436884203	10.1097119314145
1.85593814001292	3.67397371796027
5.62241208829467	10.5305208334687
4.95338476626754	10.6923878008041
11.8816763859946	6.60339873995969
5.90321607586819	1.85001145437904
11.3192902937006	6.00848747139781
10.2097984676018	9.03433591565194
6.52241811836034	1.40834219399799
5.32145545700351	1.25841116138046
9.76292112331171	8.10249347019178
9.85341079286478	6.64145379569396
1.61448604136467	3.88188548949368
1.9056977066815	2.84304786111601
2.68351792541771	2.8190801905206
5.15331493800934	1.15011173445507
11.6032512716023	6.39101139441901
4.5697555598257	10.6681190105369
1.96147792180108	3.50408741933644
10.6627159829244	7.95983099310342
11.2801691396173	5.20426429675694
1.75294327969131	2.97214505331979
4.88651139050645	1.06845230496045
9.41395760058714	3.16614334959778
9.60705077383878	3.11403743396806
10.3868254706437	10.1366377599949
4.97599044111674	1.26615776291317
1.95027327759172	8.11370276453624
3.57948316844579	2.66045607963108
8.67019760939402	2.4042580110977
11.229332919425	5.01083296858965
7.92247638088863	2.41480578340335
8.99967282318326	2.62597822194761
2.95187795400145	2.62908964349803
6.55329897343373	1.00405144746009
6.13613862144922	0.930390716983271
11.346860286172	5.63520737807405
9.79820559765156	7.90563055882816
0.812817558291111	6.43922691136003
2.53565279051561	2.6844105878614
1.41951895842969	3.92647065038635
6.32066477909591	1.25353320867569
7.93514786604907	1.42965780439
1.82023293123755	5.40680302146123
10.0981015609476	5.86720092620064
2.47817710722365	8.98876944490924
6.79058555487362	1.1016161903572
1.77443980502471	2.69214602795068
2.36478173992437	9.3798738318794
9.35999151298748	2.75209583548368
8.49132857385401	10.9299925250956
6.52243268174955	10.9654347748743
0.979703534149189	7.10847182916154
9.51088292960295	2.88336571166165
1.83397810952861	8.27641549878028
5.6687289935031	10.7250837906109
3.18630733227801	2.68830123320207
3.86389479766834	1.76848503747183
3.06814616045984	2.4663576424443
11.3411966415624	5.43528758633312
3.47430850249544	9.63805320763391
8.98209455916671	11.0591346505918
9.23856764606818	2.43651304488005
9.55442063303372	3.92234170420838
7.2129227927494	0.681119286889123
4.98496971897106	10.8898780303415
6.79710515716087	0.901722481636748
5.46971223062123	2.60451095357046
1.95159118495594	8.65557315585681
3.97634389066951	10.3009097386233
1.66003711118195	3.14925644158409
2.63519760375883	8.84289856667544
4.1189871226684	1.62341629708077
3.82244980465969	10.4286462263283
5.09562267192133	0.958613425236341
1.60471435630213	2.79794428907023
5.2825377455786	0.887460384263386
1.58225343939918	3.33351088631743
8.43195603435833	11.2343562815683
4.44487940201288	10.8243430330492
10.4781081321364	10.3145913373987
9.44737231035586	3.69706060861164
4.39775949867421	1.21807600117052
5.61771966028782	1.6453756073081
8.91001083210812	11.2456927817288
7.30422404507852	1.08435192247894
2.03005070775325	4.64067830816897
2.26850575456855	2.69140822938057
0.697875203784653	6.60289809129257
2.53501800020953	9.27489947461001
10.3353803185432	9.18999322744333
4.8436318185706	1.47460551702015
10.2981878687884	4.24661552493724
4.71662003580482	0.962920662323537
1.62182144145204	5.43196014214494
9.16265533808426	4.3315770114542
1.85549586177218	3.33447667984146
5.56932451900629	1.4088624098988
8.94814810002173	2.43272915234279
9.67563235814828	2.76997424022757
10.2089101810775	10.7648577457035
1.65491178245141	6.32778739749776
5.3158995022656	8.84760324353422
0.950913236446809	7.30638877830488
11.4360212741761	5.07892431050569
2.67709435536124	2.54300944312056
8.05870357551871	1.27238737914273
4.12817445734718	2.87487740585214
8.2800608219997	1.87372297694637
8.0999056272821	1.59278023621251
10.6120318386433	8.61239576163741
9.01324507369458	4.48658704874352
11.6326149295889	5.11567937344201
9.59732873032515	2.58594016221555
2.98630737773046	8.41732492394092
10.5841980305108	8.26845728570389
9.37584409220077	3.37404405251034
8.7859702754472	11.402581086912
1.74467137659263	5.77438574876626
3.25274822087879	3.59875885499415
6.28507112025169	10.9361604591849
8.96034775540842	11.5005223676999
1.54493235610692	5.76417185159569
7.01358719003286	0.697407856182797
3.47674937694793	9.33337576263564
10.3867471885554	9.38328431535261
4.17505581601161	10.3235718375295
9.76368842946164	3.23839435915108
11.746685689839	4.95139954614738
9.0671299407814	11.6696305132369
11.2239988784858	6.20824906146552
6.66959307508262	11.100874128956
8.93056504202797	11.8157470024791
11.8697658965437	4.79375671339713
5.40810352614183	10.5756773608811
1.36471316429626	5.85089579813361
11.5424885729134	5.59361923761774
1.8344198227698	4.6822542247625
10.1925366972269	10.4427857368643
9.89552521315299	3.3887907103898
1.59567627656973	2.59814861065163
11.4786243733211	5.82106940830935
9.40690119063172	6.29754241532618
8.61674058755048	11.1578404733874
1.49605727254185	5.27645009803741
4.68898641188928	10.8286929932246
10.607712049818	7.74757612309663
9.04941532303269	6.81056791030015
2.63230636537529	9.449642068168
4.45845501389512	10.5019498543269
1.674670703051	5.18646541910955
6.32536146314807	0.995157345577112
8.22413969357246	1.43604511962097
6.3262434175063	1.69562295185226
11.7421591865469	6.08257815636878
3.13549214170963	2.27803738647192
11.7630431818924	6.86441628478834
11.6730466407989	5.74512696319639
3.26662357432456	2.49098925192425
10.956065308329	5.77041056098277
1.77392534504366	8.5637317200652
5.66163285239179	10.9522941439943
11.8134825982234	7.05795146319316
9.49948238941005	2.41150939208159
11.8544328142481	5.91706491664815
1.37943331934966	5.11397285796414
2.45226220887793	2.50262496990957
1.1798012304465	7.42432279617533
10.8566143416342	5.59688965381745
5.38073606549142	1.48414633237882
10.3494226633456	10.9071821720218
4.09788059323221	2.5313471658072
4.47821054538226	10.1535983969351
4.8749500050458	11.0568979768982
11.754732770464	7.2491279725719
2.04807597242778	4.44149223979718
5.82338015749156	0.904196426034809
1.53009444066804	7.90082740950364
7.90751716672806	1.14145736044195
2.14637462991162	6.88775154180343
10.2882860469118	5.92908679937495
11.243557485225	6.90986082505196
1.63440985836654	8.70703360064338
0.767541272157936	7.22654691764996
3.96060210220656	9.92125057075532
8.0184399425392	0.975035793911794
10.7712737587837	8.19772771698498
2.49323415347977	9.59337417967579
1.34884313444709	7.9853730421123
9.85477440275245	3.06034002623648
10.8200183277821	7.83631592397304
10.8377992298308	4.75610695823234
8.41076240339924	2.08076003017411
10.3041133184366	4.0467033215917
0.934429211000923	7.505708312985
10.3409840787841	9.77432007539298
1.56031893013052	8.89280371221445
10.784271739233	8.71404917596707
10.8416383147187	5.97283376504597
5.37702140245312	11.0150167107506
2.25885073508731	2.45171326392618
1.87676707634162	5.0278856523519
7.50399982448369	11.1711236134243
11.5361901929107	5.39081832804621
3.3710362204122	2.3204078949799
1.2054468269243	5.2126070328404
3.80997693537731	10.052825869036
2.29331808326026	9.59916769915765
1.40269048019433	5.62357580351159
10.0433870713242	2.99381738908
0.498978668200286	6.62387827557529
4.72834118415781	11.1929341986843
8.57211534111995	3.08763145232182
1.18989683286975	6.42426446950214
8.40248268633311	1.71556834649524
10.9851861572678	7.21072023364601
1.60661935888517	8.45414747395504
9.16883502059686	11.3470405214074
11.0798742527322	5.97253470164088
2.78034069195441	8.98049756357967
10.947352404825	8.59827052288258
9.58629314339714	3.33075729805027
1.21318098251561	8.13232807106103
1.03596896931358	5.31880145726881
7.56828132501613	1.13860434662618
4.89027997504726	11.3103046719954
5.8826594406708	11.0958082094547
10.5333581986242	9.2472504529263
2.06591641100531	2.39902221543572
1.86751184712151	2.42423389983165
8.21951519277509	11.3101759413278
1.24752729076424	3.82439780260763
1.40967728805273	8.41930754375663
1.4913050098326	6.44282140965614
10.8409301658766	4.5561314666353
1.5349722787384	2.99318342121905
6.04353596401194	0.753120449212405
10.1546977663497	10.9573701195639
11.0060077845937	7.76277734936816
2.97351257635178	9.03231091203706
9.67881973009583	2.32297624441501
4.3505848319903	11.0007191483943
3.69851397678899	9.88676561231354
7.65595254660553	1.36746020139143
1.74333086424788	8.97346740894737
1.11339946026279	5.03504779683539
7.85433361963915	0.860715564799766
7.67626967576645	0.951782748200265
10.4873919153313	11.0519733509883
10.7463585670214	8.4642190764159
4.37018129731662	1.01998651934506
10.6157000766186	8.82167628483571
10.6390177018338	10.1958137705782
8.61067899613248	2.07498456915962
3.39043240309881	9.15296129529577
9.99530993421958	3.21546151653699
1.51278960865669	8.24793704063644
8.19003841075333	1.07776828977636
10.5055814645651	9.97571226820528
8.50462142208412	3.35778924405848
1.60784776689337	4.26226354463363
10.7419911245992	4.38231815842473
7.66283600599848	0.752234416920434
6.81297257754708	10.6420238527759
3.62983697705492	10.4825006471505
8.79673420364692	2.14835663303109
4.13475961089825	1.42403919554943
11.0125895112127	8.40920936888696
1.90956113357216	2.22870421536151
1.22331981737271	8.34670662694598
9.98591396721209	11.0646642440473
4.74048454032858	11.4428238318834
10.3885092250077	10.4933985963155
4.46175913640954	11.1669727920744
0.600807863509661	7.3370003940123
8.34224443321355	1.27464105996227
8.03246718307174	11.3809787807201
8.59747382628892	1.76004817719112
10.725596490516	8.98877738660495
2.92776645195988	9.22700886298447
1.01414832038972	8.11268120344606
3.22666523781787	9.03815573978627
1.86917529545031	5.60072219272923
1.03025549702675	8.39891934770782
5.6559269858869	0.794837222857655
8.41621474737909	1.49178714779703
5.1810486996169	11.0549504025792
11.5630598163187	6.86699572151614
0.629980897256972	6.35816671532099
5.68127547770588	11.1513272248396
7.87940602934767	0.662293352657556
2.40025703208488	9.77044833051978
0.354800237708494	6.76248772756513
1.16097949660872	5.47491797806463
10.3135320401491	11.1508305399106
4.15064534664056	11.0056387213514
7.26609117044698	11.1534354995249
0.982194681829091	7.69992072195148
0.884898874624797	7.87465917192877
0.505906960806431	6.20130480696314
0.771834727729174	6.21717915991143
4.28991077698444	10.6979123197838
6.67423956275297	11.3008201470517
4.94325578369776	0.82905906840854
1.08018492482738	7.91782580946603
9.8755030892237	2.77716387578021
3.50215321069523	10.328562816166
2.70887511558488	9.17603743218035
9.32320050361098	11.4742069385694
6.10201196169475	0.561860004543361
10.1844471709832	3.15044532109766
0.853820347453949	6.95305811256145
4.72247163208967	0.763006283598746
1.68133643387752	4.98537842960012
11.7306915355447	5.34424335930147
2.96487963794184	2.17367564272411
11.0482615084635	7.95826295707147
4.59092682334235	1.11848806360306
1.63629248613573	4.70955914150454
1.16388049233735	6.22596381386706
4.99817714813813	0.636747748596086
2.11247761745934	9.51374682390512
0.487428946733267	6.00216022883982
1.92678101331738	8.89380535520547
3.00271398216484	9.41243504160059
1.523170557885	3.52458472835757
9.35307772070888	2.27253913596225
6.08839616144829	10.9724779560656
3.63364611774141	2.46792978292437
4.15639176707629	2.30463647467871
3.96592039033151	2.24363930555631
0.859446065213601	8.50295846536877
6.83575892452676	10.9895686462585
2.09421086448212	2.15186362143565
8.60601190916889	1.56023050745009
11.5978543270588	7.37318100153436
1.10453913253835	3.68456080247116
1.33493518961031	4.91898589314418
1.71755451749032	4.42948922709137
1.32317055808127	3.52459358885718
6.09388046537125	0.362025375993801
1.10728149629283	8.5834918143356
10.0738638505748	2.75160984760034
3.71363829358189	2.28462334058176
4.23406852566812	0.873448765185376
3.57295411567557	2.14246862878217
11.7124181532496	4.67029948323117
0.28970566732413	5.97206862237396
8.67922343734798	11.5717115470776
9.48691043694159	2.12391610926122
5.90949747890428	0.284546899617962
3.29279648214841	9.72203764946416
2.21010750406287	9.83244153170353
8.74079640994796	10.9499463180292
9.54640830027815	1.93297107984599
11.6218000424969	4.49200658375502
9.71350079161962	2.12600613507965
1.98437460232534	9.66733594303006
1.42641610422235	3.16115829128729
11.7574389986028	7.49373278546217
10.4671165724219	11.2789390542511
0.975524237798472	3.53173686149574
4.45422425834375	11.3668308057054
3.41142072231509	10.1503280957764
9.97953166714671	11.2645623837232
3.26427952929637	10.2857883088171
0.722992394432885	7.99207421215729
4.13995083615401	1.22410657894988
9.60510228185602	11.3728401763
0.8898284234167	5.45534061225726
9.80886436198454	11.368834484252
3.52320522211195	9.98303004257511
2.13872010671309	9.13920363970096
3.82562713950314	2.5600457648151
6.47711706753299	11.2670159775123
11.1710485233143	7.6498102985853
6.35489218830289	11.4253228911237
4.06570845331374	10.8245704354701
1.20434208934023	3.3637216055392
10.0392955507785	4.1296423058333
1.9543399374322	2.60476214866069
1.413572313503	3.71291215140675
4.53671336672534	0.837126907239097
2.52925957963246	3.01777278985709
10.4955279636883	3.98873407471753
2.66171759813638	9.70113933581005
1.81514405850631	2.05239364864468
6.53148951007639	0.805244135451542
9.96654668924436	2.58284069495691
1.35996731043377	6.26533334229728
4.2769586136138	11.4594423125416
4.27787198903026	11.6594402268941
0.52448670990925	7.96767148255991
1.44045427043464	9.05290512806075
3.60921538147803	1.94578329480324
5.15463148237453	0.512160264077596
1.78945643279207	9.71213446070421
7.48027005550831	10.9629526886344
10.5689402672887	7.53699735577808
9.50749372783927	1.73679346631198
9.65369000142175	3.51905935201785
6.8733668224496	11.2821564270121
2.33976388546873	2.26881148127944
7.5213437733421	0.610883972641281
1.96391654785285	9.37984533549899
0.184562540545002	6.8674597546222
6.53429318602773	11.5137269748265
1.2531317491638	7.61039438192837
7.13769295788806	11.3067779235689
7.84579303742046	11.3091960296906
1.84927302310109	9.14310307435273
6.25893187908118	11.6007982998113
10.0002825413296	2.38570649628991
11.5754406605448	4.81602925538599
10.1773555492129	2.58046818606526
5.58486820283355	11.3265574658133
5.42608294123007	0.748195252929729
8.98685570079923	2.21043574643138
0.662136988714848	8.53565599327547
10.0711815062828	3.93220045150251
1.58528211671844	5.96432141710732
6.71631364463627	11.5966037064702
1.25453371479718	3.05890153500441
1.46154756301995	4.12200478141261
11.8035659807028	7.68834085703771
6.89789897223867	11.5127778822898
9.45347863825095	11.2250729073098
2.6150219338253	2.35288576104843
1.52141875914592	4.46861421014141
6.83542432423827	0.606534354809424
6.06567524257558	11.6522946341133
1.61821935342759	2.01745569607646
11.4240903376806	4.52218725010702
10.7933643848817	9.17694622699365
9.29135114182088	2.98211053930399
0.734976312490714	7.49092517137449
0.299473846298622	6.17182993664558
3.52752966619698	1.763225238506
1.90423600674561	9.87591983673957
11.4347682054723	7.25741003390478
1.30898109382138	4.72067708115697
5.08720830155293	11.2753871374364
2.39147207263403	2.075611420772
11.7092339378709	4.31213075452906
8.05700174413939	0.754270317641276
0.357349837119964	6.9681799121991
6.12719678589244	0.164819841621843
1.38782350345783	4.31977769695451
1.23675749352157	4.188708781334
2.28160058907797	1.90849392587338
10.417669446877	10.7191864897905
10.7560177812681	10.0336071695646
5.40437168400993	11.412702730875
5.56518217934695	11.5316143980463
8.48591433066428	11.623010565325
10.3993271710426	9.5830190466824
7.75570990839258	11.487759827434
2.58716467634371	2.03432698238019
1.70669439201684	9.90718180165461
4.12646765337286	10.582645909481
6.02532927221803	11.4564063938438
3.47594667457798	10.6102416930346
9.8942173398366	2.04032341103016
2.21275745675968	4.32335322905403
8.88746930277904	1.97012324169971
4.62837873908389	11.0192886647314
6.53110471028119	11.7137015572675
10.6257458911565	4.87609609800368
8.56135223173078	1.35418224005002
10.0862601085828	2.09617656646721
2.97119682236209	9.6099361014407
10.6856448700368	11.0255959752556
1.25587607685942	9.129917402774
4.40612144411688	0.685648361730414
0.664496916813593	8.18332869994279
1.50693036619017	9.91689437008541
9.31155004755306	1.69671761128809
5.78141509845864	11.3635617604308
10.9327654050185	4.32227505781767
7.9577811707196	11.5665104479873
9.68391284999035	11.5566577335418
0.394116176020556	7.81600235619077
9.57421317666211	11.7238880587572
2.20172455242611	1.72513684592065
11.6777576397717	7.84381516794521
3.89673022361915	10.7175827824943
11.866455388835	4.54273565586147
10.3675386024526	2.51857791008886
4.91188252565694	0.456322589234017
9.87837518500462	4.01087936599434
0.739333572391233	7.69087770145641
5.15518292380491	0.312161024298169
0.10228027706201	6.13844286951285
0.927285880683436	5.10827166928256
10.9744473539264	8.79642668285041
5.34668058838328	0.369855430101743
10.9558509275452	10.0417750119364
1.41018498465733	6.07174050876366
11.1305296125594	4.29245361895701
4.70131170684172	11.6389500389966
0.863966672551251	6.03966379510234
10.4153597191986	2.7127766247941
1.71944387189162	3.48107086816262
2.07601449632302	9.98082975655739
0.560170406066868	8.36360130422837
0.405510251147209	7.29388609701554
9.7399141626429	4.17648866735203
9.81344475234643	3.63938565652769
3.17034576166137	10.4623568430974
7.00137324006938	0.49490569659623
7.60026838892141	11.3619109735477
10.0124320205012	3.61928423587378
10.3504494604114	2.9019502442662
4.77239904307345	11.8258901112858
3.36336289891609	1.6489918260535
6.24404791072569	0.761999549495644
1.14584622332575	4.83637934573452
11.3663560204146	7.06947447863214
10.1940371330714	3.53550128362002
6.24517708635733	11.2581026877837
0.430507676645091	6.38654775000809
3.26885376541797	9.31176505740382
8.5837039117195	1.15543515855779
0.308539051561498	7.63523577805942
8.32608761467326	11.4794163587545
11.129549048125	4.83750328553338
1.30889155761936	4.5206771011988
3.17445177148038	10.1070959085149
11.3966422724456	4.72641264747693
9.54022391016399	4.16536198478658
2.76764033184897	9.87078713120644
8.73736924730789	11.7630726318992
0.968800060664447	4.74334894056015
10.6235921701986	10.451829796546
2.26906505417251	10.0330933396148
5.5607869613043	11.7315660973598
1.11371297622151	4.56432708818072
11.2206566969876	4.63139119079099
4.44209527730688	0.488910253257202
5.74624016726483	11.8064467250212
9.99383992565234	4.53104481845184
0.113112565582369	7.59270945000433
5.90380045563139	0.535172950301775
10.9702627139437	8.17764300328782
11.2115808293779	8.38914808042232
9.63403045803654	7.7634022722382
7.92282728695417	11.763432325923
7.06384787451499	11.6244065606538
0.587879159737539	7.1374187099359
9.45481452113632	11.8843373063673
1.78858536714988	7.9609659600482
11.8982794463561	7.86449238108428
7.13671128649147	0.347652128929256
0.233403109085059	6.42045629534659
8.07800275066326	11.8896090886912
1.66858874042691	1.82390228005568
0.699400172742904	5.51647228445194
3.38978166905023	2.06217009332051
5.34363252267785	11.222148921465
2.8693210491616	2.44471104647075
4.53579639404228	11.7512206105143
0.776438016639589	3.55083336758131
11.2863266374871	7.81324516754771
11.2890662344965	4.1705268396804
11.2619737716825	7.35811794646006
0.508929651791532	5.57747212583299
6.290022704863	0.493654722832031
2.02597210620711	1.82058881105516
10.4238197255854	3.0880061610985
1.98577605326402	4.83775345898956
1.0553617045275	3.04072159206902
11.1538408627941	4.02316979421617
10.3081157105287	2.32760953596531
3.16064645143587	2.07962554029787
5.06152114525937	0.135448061446865
9.44223877131329	10.2573720919376
3.32806695961319	9.93920016111323
7.04376547378014	11.087468757779
9.24685405489577	1.50747060725873
2.40335752746645	1.74982682797887
2.7321081204739	10.0676054788136
4.09409746168897	0.730591839387062
6.4141006739247	0.336796004255331
1.62712553295529	2.21725729758711
0.419738495464	5.81396351577883
1.30573515742324	8.60831407015447
1.04350588389291	3.24484471536577
0.84033596996418	4.89663617877832
1.39704212425357	2.6214825673166
11.1476994547346	8.57867161451157
11.0466320653987	4.53282432211622
10.708886940521	11.2242409000828
10.5950747622324	4.51802218367415
3.76782684509348	1.59306853742672
5.78666771504429	0.126708852525069
11.3143097187717	8.21754745313929
2.551441608085	10.1533936557451
0.311813181467181	5.61131140961485
1.40440329980053	9.26385643384934
10.218602776948	11.3268658630367
11.2755336814281	8.73248452192081
10.6013833443315	2.78622872409995
1.93300523667797	1.64350927759645
11.2668809131359	3.85817904593398
9.61125052738619	1.56581239558256
10.6954837504209	3.98452891691319
11.4867460680142	8.11622763543362
3.71804788233381	10.8074305477018
10.6171737879743	3.1391354732167
1.00439018327012	6.34951633939629
0.559607605443456	7.58708034070289
4.78488858892644	0.301815178299494
3.3200538972773	1.84424635321497
1.44644723784006	2.13149393901102
11.2060234238434	8.92001671673148
7.59821045745002	11.6110234593487
2.97926043472384	10.1506888214159
6.46575068454697	0.589151723602689
0.658564642465651	4.81321445199553
10.5951139597723	11.4326162120576
1.23063185255766	8.93151697651588
5.3686069725751	11.6761869322159
4.08074702159132	1.00187195774664
0.133385165559486	7.79167935147228
3.89516416748333	0.709963110475902
2.66675288698965	1.85084478507981
11.455524627559	8.64528785162373
5.54409314484441	0.401922275152053
10.5509368541253	2.43879645056731
3.74903386246436	0.573412995298132
10.6084842757595	10.6592723756056
8.14489566661177	11.6371373934615
6.87243275166624	11.7216110039379
8.76020384268924	1.33278044528355
10.8225666818636	10.4720570975933
7.43418897121007	11.4965815437249
4.58583352860864	0.282396554201039
4.51074758821417	3.99062436963302
9.48864819748263	1.40779762189915
11.5861754751323	7.06565539612982
2.48989613402115	1.56951856534077
7.41340254276043	0.442513278218191
4.92459394624949	11.5209501824411
1.08511232317307	4.05831038291601
0.595660974259886	3.6363883846665
9.70336259277417	1.80901403056248
9.33200992429982	1.9974019551783
0.828861164051357	5.66891851014951
2.76856030270695	1.67869586668365
9.17741946926514	2.12429478875125
6.47496430303289	0.14628191382688
9.08771497399722	1.62861000188642
6.36392106082071	11.8234723518946
11.1508364275685	10.0862795598012
9.25497549834043	11.8763145282959
11.6518433466702	4.12054181945808
2.00566793776321	1.45717588855681
0.212265694404777	7.34542774318076
10.1820443090598	9.39743985468833
8.25300622079714	0.714492872648878
10.4142730018083	3.80598388683834
10.5577367251382	10.861949081391
10.5902671291648	2.24270175541897
10.6434647027982	3.79141232341479
2.9819253614219	10.5294221304941
5.42490251846516	0.185786612388731
11.005828030859	10.3919616672342
0.260510154416977	7.96482920521763
3.52608253369862	10.863549215927
5.29634893202648	11.8626776171738
11.3267184087051	9.07949311194169
11.1854895636501	3.6754895601148
8.06952569502159	0.554662826162874
9.59850694914017	1.24067175710184
6.67108519644905	0.107082485697786
3.17056510552762	1.71138137987278
8.92449942981402	1.44682850555344
1.0887897432089	6.04059558736821
11.2518545909029	9.26495310434999
5.86911933309621	11.5813001683866
9.04883361334058	1.29017279768812
10.9910678452216	3.72239580067288
1.02336277082058	5.71549237582749
10.7679362139443	10.7799996691605
10.2517770134682	3.34401732551447
5.09713854091543	11.8449231790418
7.02581997600278	0.181209594527433
3.16322767900646	9.55404200428876
8.4181141619145	0.60162406482321
3.82597995094824	1.40170966964306
6.82363199406274	0.403210279764153
9.04698802241635	3.80648963133685
2.64745172975563	10.3288418148599
11.8653374002111	5.69013365592492
10.5795716746988	9.49634771981052
4.08054286873281	11.4971365450295
10.8840038988283	11.000028501839
5.18390311906933	0.710949256139157
11.8881628889444	5.22094383432886
10.1674965052422	3.75691947428178
8.95576518932772	1.11314661755715
10.6160647402759	2.044372525952
5.21044959613654	11.553768615457
2.89362203068094	1.83477137467949
10.5735859197365	1.84893570801437
11.2807633347933	9.46285278733781
0.397313489360345	3.66204525965209
10.7991411789464	3.66585423019073
6.11856497479901	11.8451745869994
8.39346926388926	11.8003630663758
1.43340416490385	10.1028887187211
10.1136442434205	11.4971118798469
1.21154646581158	2.54670716561811
11.2707350009844	10.246355579532
3.94538513075094	1.17780121985392
4.2235678882312	11.1918705739652
4.10085895171093	11.7525336456679
3.32342988712508	1.45301898464608
11.1133775136418	10.560582866237
10.8920801877059	4.12645699661741
11.5491105268085	8.82204101131729
9.7953808834915	1.20544883880948
10.9610385657159	10.6901700760411
11.3325067630388	3.5398947848323
8.91436373629163	1.72835642230309
9.72539733363125	11.8548206776172
0.920095963589008	4.51420271866582
0.421295591865087	3.86060220050144
9.36244436195403	11.7069457798148
9.76931474374343	5.22019123570996
10.7913036649368	3.23751629425931
0.141174061255558	7.15848930492854
11.0324757055312	9.01942088902135
2.88846581475281	10.3526021284117
11.2399045181007	9.90720729715582
1.89426714999894	10.0756712369729
10.4853557495563	8.97336793392254
8.44606008574926	1.01033458250009
10.7224316998932	2.54170183368726
11.4517291435247	9.2720357037486
7.43589634797672	11.7278743466619
7.54043860612906	11.8983763004935
4.61476019336207	0.594488492350369
0.402381368587806	4.05970582216066
0.171291563055892	5.46899600370575
1.01150462632884	8.75906741394985
10.8812546818973	11.3256773912132
0.535433208531155	4.65561162848898
0.414237995386276	8.13454035606852
4.26948270607897	11.8600791219225
11.0835295260077	9.49600131176843
1.78035705098946	9.51234156480746
6.61042517747696	0.298629404918246
7.51250296236173	0.268791929976689
10.5504842040588	3.32768917749527
9.9009934257585	1.77832113474079
7.73623573124364	11.8575904475925
0.554794314209842	6.81593194948062
3.91162255278668	0.456944468307907
8.19542477021452	0.399261980394374
0.361585695777564	8.33985024447701
10.1009784255066	1.775871670359
0.655080565612807	5.89310549631038
11.7021382435477	8.95081413704466
11.5782573603089	9.42692472969112
10.917960129264	9.84539709208386
1.42731612111016	1.93241104076843
2.83468250826746	4.41191929609806
11.3090959989147	10.4426421909903
2.18942848407345	1.3782324808538
10.4353435159001	11.5529216785372
7.31498858299866	10.3748551191423
3.13225425912896	9.84131126191877
11.3706650933958	7.63189736674792
0.200982840694407	6.61781111843809
11.0816060781981	10.8497428648675
3.81853042260607	0.894698784199433
1.43177830729325	9.73155099134327
10.7143958187594	11.5931523080503
10.9225930719569	3.38839071755341
0.614403356110877	4.47186257191661
11.8860553687041	8.87223620710104
0.162017540453421	5.74383033631318
9.75602124574844	3.8526721804796
1.7532353482488	1.55585776754578
11.8779483800355	5.4905316439414
1.95278026680254	1.26429537046244
10.6319586731918	9.68936482368706
9.86484176035391	1.01789834804632
8.60110871730521	0.884001998213107
3.6511177263127	0.747804595672493
3.91022247838934	11.6920544340369
1.37714028123066	1.73880736029622
1.66101149492226	1.37839013422183
11.2040340210416	9.6556216947921
0.509794605531655	4.22841384369267
0.899266530460707	4.13221127148382
8.8355553520321	0.953304210739186
10.4153255445995	1.7266505753878
0.336747053545767	4.67849856400081
3.51864982622445	1.40955433949583
3.89458748897831	11.4235118430582
0.159921715985754	4.58504911244123
3.79817882163572	11.8577234383234
6.13982570371109	1.14553732353401
3.86255753501376	2.06379548079437
11.3758917258241	10.0762319091595
7.66224927253647	0.468948634205825
0.597236479054454	4.01463381394014
1.40267026203223	2.84319616717564
10.0457178580569	1.10324374792086
2.13590351585975	3.38665567762743
10.3923960051292	3.50993259425255
3.61636607782402	0.944762263528606
11.437190888845	9.87437304798617
1.22067348063583	1.86337918821738
11.0908887092954	3.49644893544001
11.5769224899904	8.48634585277797
1.43873645560287	9.46088748321124
1.47648826265532	1.30124626373452
8.50777262643751	0.422846662058276
3.68402871662971	0.384271960577964
0.718371024213796	3.79431952041974
0.541238554982952	8.69497820993458
8.34072650366155	0.261830520177695
9.62061412716098	1.0418973304772
2.65650228973804	1.45887323612512
8.62826275075356	0.263215430958898
1.11232520137459	2.84900523901861
0.912332746863064	2.8472679599809
10.9365451625743	3.91482053161187
0.49812250168789	8.89027543456478
1.1550964295737	9.30267000823327
3.74222090675403	1.10019894528358
10.9685261463753	11.5056320840886
1.27907730826221	7.18101552389969
10.8988813643301	2.63585870236986
7.34597075977079	0.158035325206554
1.99540154197274	1.0688895698759
2.82912765356991	1.35787579179154
3.22955363886518	10.6533919898035
0.201872186587616	3.70450344108392
11.7805038475225	9.13482183284475
1.27873939388762	1.2713232809104
9.76525728844226	1.43821177822896
1.20115357794764	1.64378799244116
0.243743107523598	4.40346173864927
2.70400727378266	1.2018472990029
0.181576027017298	8.14859373806239
11.0896589381392	2.57582606681639
11.8760290355343	8.06325082547913
10.9871801895102	9.22629634225399
10.1889429936417	1.24283801906656
11.5110844983982	3.44983928842097
3.71683536492685	10.2298135744114
9.09551248013865	1.9418359026091
9.96403498274983	1.41613400103637
0.732547678139007	2.75964759097982
10.1040448416758	11.6968813757319
0.211402365880606	3.90427625125248
0.860721745630938	3.16366615415759
11.4620056421527	7.90883223424452
0.858542073907589	2.60432401828427
0.986507632782923	3.88430717882751
10.6326171627571	3.55508531743911
1.67484336029944	8.13072534506595
10.2339070096692	11.8489860019734
6.05401764506123	11.1989409675294
3.28768351178758	10.8447579164311
1.15957553104441	1.43194698337142
11.5280216041071	9.04921838425948
9.19885148474502	1.15790549916245
2.2997889964187	1.21143752495018
9.46105990678755	0.921305246321448
8.05144864876456	0.260442398014124
3.99846487821616	11.2526040082316
9.02784728195219	0.898314996454871
10.7983127534984	9.37688500174241
11.1678706391071	3.31185808387239
1.23153290661134	1.07697424551523
1.24815542572991	2.15757759768989
7.85235396996165	0.241434271531929
11.4101586274123	9.67620832649964
4.71350994573966	2.81269014957303
1.46177943061467	2.43224969182952
11.6073359232639	8.27578354040383
11.5418130567071	3.25221399726557
0.867214298286799	3.36356074327899
11.7563435858949	9.51794833243527
1.80326863196378	1.01334728966083
1.64472325721433	3.68418442531429
11.1726341816518	7.11919217353386
10.3046470839117	1.07970444344581
4.4017999295638	0.204091800688845
10.8167691021777	11.7649653193217
2.44754297955198	10.3348826419571
9.67365344086484	0.849058456798098
11.6098830125555	7.63847195039567
1.23342444579911	10.1000405707633
0.452796809435061	3.4698953150945
8.95445583335755	0.712267434597209
2.06014676491256	0.87965940286632
1.01769419115523	1.72342876967089
10.9323123723071	3.09568348971191
11.241123584096	8.01121784148013
11.8809330440752	9.36149556988268
3.40502541660267	1.24496547736324
1.04445918470966	1.26839813193388
1.20367454947581	0.878923969227337
0.731968742972613	5.06524591285166
0.619703041562091	5.23076452898533
1.36241704018778	1.46552577007892
8.55958887425246	11.3883363393048
2.77291296157175	2.1175615164864
2.78236406497962	10.542661804292
0.301261287473396	8.53053575982296
0.51700491109909	4.9544972975764
0.553968721434693	2.84970066545481
3.37664153677671	1.04698983399763
10.4091052358218	1.96271665817272
8.77533211673377	0.39875362332614
10.6387796476242	11.8561780052144
2.48067663824327	1.12611659530717
9.92428096651525	11.875922823737
3.91101855907063	0.256945380331009
0.898609165365812	1.8841109299524
1.03904274739781	4.27525884811045
4.25660792507089	0.414114249617429
7.30197223619357	11.8764150221791
0.317202787627581	4.94560283546361
11.4646696842621	3.82852096075619
11.2532822749892	10.9523454157877
0.846882868814062	1.29944002938112
11.2552074792981	10.7015944290321
1.10136028603134	0.707075805152719
0.766479474923266	4.34196702123469
0.769381213135627	2.42529792826831
0.264240784248884	3.40321229352236
8.47836610585199	0.116725937517949
11.0074446939985	11.8253210869316
11.8002144475959	6.27396673143149
3.68573265727516	11.0048025979759
1.55834798436547	1.6541683130154
11.1491169600528	11.4196846698442
11.2318830166707	2.4352120152928
10.7875504466651	2.20984916593081
11.2208865034756	3.11901276211097
0.738905236259658	8.72543938379662
3.02912761905826	1.35775829856879
3.87641749884165	11.0941602100323
0.853929992289816	1.09956422281434
0.161430050271524	5.07104148300336
0.990295075769357	2.06185707993454
10.1269734569146	1.53211267854588
0.166687725494574	4.0992136795087
0.284723779876625	3.20426394120419
0.13409273077322	5.26916435135189
9.79299456452805	11.011918589553
4.57297231232792	2.96669745668438
11.7232560559374	8.62267812143519
1.57199703557199	1.12552468197532
0.481680769192192	5.37550516712766
10.5008823411164	1.11832728422414
10.7542362614582	1.76311348457627
11.3995493560471	3.02912624971341
11.6370624928649	9.86720772129971
0.796192269587328	0.908079614093093
11.1792737328026	11.7229747073002
11.46896000855	4.0395869886077
10.0600215603336	0.903755893400391
0.674955196185769	0.74901493532051
10.6996317690888	1.14065808986672
11.7918460273441	9.99386496528568
0.426136611948185	5.18044517558601
1.34926484139426	0.74179823532192
10.4339069871784	11.8490808509513
11.4486625360146	10.9950836141781
0.477110090521932	0.778294862999129
11.2379402348902	2.91130226251691
11.430778545353	2.41422228756299
3.53984323068067	0.52287407326619
11.0215146026948	2.79384948959548
11.6210758857204	2.35268431352184
9.86135717823611	11.6860792121284
1.04658407455238	9.00978839793722
4.7664918217588	0.102663078240821
11.7674873176655	2.21643567097528
1.35508161337899	7.78547036233883
11.8514184699471	4.13357140767113
3.71356984531282	0.186465687380858
2.50785677961006	1.32506549225806
0.586078177451825	2.5052979102002
10.3750365830009	0.892500494721507
11.3410195890832	11.476017439803
10.8992266241773	1.15338184018638
11.7977802508993	2.01874313647766
1.10879083510839	2.37512254987768
3.0460198811091	10.7328612276502
0.245366022394273	8.72256627651688
11.4756168719355	4.24262995799795
1.29060525348639	0.550594017935173
11.0723514444228	2.3145899714695
8.64018563791353	0.572735935830125
0.394301920736641	2.44853641479784
11.6621628613276	3.92080822784857
1.7835942721866	10.2422590940235
0.73566484838982	2.95962329762847
1.95668552674272	10.342455988168
11.0427548323327	1.01409920141291
11.2292477457543	11.2364387771676
0.354640553631288	2.86607996703143
11.0666231676852	2.11467202118584
0.500218451919022	3.27559866606492
0.194914939587213	2.74571498782965
1.45077967085451	10.3021325186069
11.7087837852894	3.48008812249324
0.469551037729638	0.578437762247409
2.25327460475224	10.3824199804676
1.54696319287128	0.772053182409424
1.66756425980935	9.34718168391079
1.7557563189622	10.4403122393161
0.373490919739823	2.65565601097263
0.792455217408662	2.09117244184293
2.85644554446294	10.7965916825769
9.9145670096126	0.766486181975991
9.26113899990262	0.915681102803739
3.42294312300695	11.034903416232
0.895407027496531	9.1407292259607
2.01795927367191	10.5328385712402
11.7362671747036	3.20544225372088
2.12280214475797	10.2308385265129
3.69233513184651	11.2046935865911
0.551127923427199	2.30837538801542
9.10841667048579	0.584611409941996
10.914130460473	1.64297254600241
3.51358129901253	0.184325278845594
0.32381450762716	0.906748995921943
1.93326640852511	10.7140211272251
0.506505736936379	0.988136431890196
11.5183843876549	2.86825911427924
11.425454493614	11.2752061873769
0.46025858354437	2.13021039967804
0.831380143091581	8.30493749674312
2.52613148518496	9.95500162546465
10.9659125757161	1.4497922868118
8.94416229325365	0.291532489699116
9.93611950110387	0.567650847815991
10.2908636368635	1.41491992539392
11.714644102263	2.82976074519757
10.4559260634875	0.709588242680806
0.696227442564554	9.12263245977651
3.3407906694799	0.285039718454418
11.0231549087161	1.81064386044016
11.2475050964691	2.20000506191123
1.56555693847272	10.5021523206664
10.4746508778479	1.49380116556772
3.21924766602249	1.17089370548373
9.9667077522695	0.370003791448767
5.7453972223955	0.398875836522626
10.6695996195638	1.44913587587458
1.13681335547595	9.92492261843809
3.03425653829322	1.55769252322151
10.132012787027	0.527329382934109
1.87589211928587	0.801876206962689
1.8640476736845	10.901661119623
0.291946772127576	0.670398214834118
2.65645292538088	10.7983099121019
10.2359454679173	0.356455166497071
11.329178440488	11.8553702457966
9.2801247143841	0.482062164890579
11.5978690037941	2.0127855127207
0.10466323367435	8.3332134071667
9.12991903132728	0.217408038535911
10.5694837280622	4.17455803688569
11.3529582613181	2.03006498416817
1.37749470111296	10.570215488968
0.92917735886203	1.54408337552658
0.123910546975617	0.912946294997048
11.1562434882486	1.38835822675923
2.20440640094763	10.605208929334
0.654857829073177	1.24352595143547
1.45606215650674	0.950202001063524
9.31805909327179	0.285692658860733
4.20504505748399	0.168209767401161
10.1245532439009	0.190347453164154
7.27105947350866	11.6122913833224
10.6384157571835	0.627749916117091
11.0451988008568	11.1581700996387
11.8236399119644	10.1913216666173
1.63638848029068	10.1068690839331
10.4331403887571	0.38983424969287
2.63965168531982	10.9976029584744
0.263887841008935	2.09228242219331
0.119466105295024	2.23063834817186
3.34282739557671	0.488453720009892
11.8059353425103	8.2521557881837
2.45489219530658	10.9210266511069
9.41348087535016	1.11556341414839
1.2828868947936	9.58623066968565
11.4693739281347	11.7127335561144
11.8753372964195	3.06170811982808
10.8801713727084	10.2269036293344
3.1533498847749	0.215283340759098
0.604975755362705	0.431263899574704
0.582657162881334	3.08842022373828
11.3390067236491	1.83055219110299
0.487463423188556	1.9320692966733
1.05024326897819	10.1803191884551
1.45650835149939	10.7539458431629
10.2560896568507	0.701500561770531
0.809923788136863	8.91240559809553
3.26377291692595	0.672166510542443
10.6064092187399	0.289944747960249
1.26818310118137	0.35185487461909
11.8039309686322	9.7569584047708
11.8638626903536	1.8299757897363
0.667786512301942	1.84556158873577
9.69528788060473	0.650232022395775
11.7359922704851	3.73493402753168
6.63792112100184	11.8827880865971
3.59865625797933	11.8715345422613
0.918315319775612	0.626487094228432
11.6145828346476	10.0864811653538
10.8276702463477	2.84308733593708
11.3641858506135	1.63214349279239
3.65019641872533	11.6782895893381
3.27398730613449	0.871905505866582
11.5269088860451	2.66844086454415
11.6485370407318	10.9879996630162
1.23836658041032	10.4265374947248
11.8601501353316	10.3879609393724
0.590335723553445	9.2922996158347
2.46551598157654	11.1207442897002
7.70394382221701	0.107365527797921
2.90018438264943	1.16293018250288
2.64645135517913	11.2059639504557
9.30890508766177	0.67998055745175
0.789237063637996	9.31323420235007
11.5738294652381	11.5421784601235
9.50410352493749	0.723541664934417
0.462617239737684	1.18835752013693
10.809068740088	9.59645613623518
0.112870946345834	2.56331766555488
3.61551680189772	11.4813192256366
10.7630961502234	0.414239580927184
1.53536577818794	10.9377433030367
2.95376341822775	0.202428677355384
2.06403462099318	10.9039460498525
0.177751468502353	0.506204936561397
11.4760688944473	1.46636597772326
1.88932980405729	0.602328146014996
11.4042128341095	6.74547355792851
1.73327069447618	10.7127117907301
2.30450724880633	11.2393874014755
11.4674876696365	2.21762004903469
1.51048830723169	11.1361900501475
0.47242614562522	9.13075293083996
0.317573724198822	0.363202360319039
11.3354148804684	2.61073431527819
11.8959948987227	3.40971768120529
1.06826082208019	0.357430026544545
0.729673119331366	1.55815669813681
1.26462483108188	10.8103436675198
2.28461144122628	11.0354591955708
0.511503554157241	0.254450586722404
11.8711610851006	8.48805233509302
2.22299417297913	0.995765912959431
1.93014509481599	11.0904232210092
11.4513016759783	10.7409271892753
11.6645903943395	10.3460516599333
9.77016021598801	0.407004683082315
11.622892510924	11.307115893121
1.54170157493037	11.3337393653059
9.78583669504511	0.20762000963831
10.8310061350439	0.681684565050658
11.8525917600796	2.39742526703372
2.28522796469632	0.805694991541922
1.05010996577785	0.158255363458369
0.758569822895251	0.303166817567316
10.897791299825	2.43586167299348
11.7994948232609	11.1191932142827
0.281149323546858	1.2724372168143
1.31449925250894	11.0040252156531
1.12424662349111	10.5907831504748
11.8807817647297	11.3019291799453
0.669637129236518	0.124027274197903
11.166170126197	1.6602463909312
0.127381900949463	0.30133904025711
6.98528886385206	11.8867276231568
1.14441951310945	11.1092529793174
2.39255921278456	10.7309882358064
1.40333330394544	11.4781492735
0.326562049586911	1.81328062729316
11.7656052070342	2.57751785319229
3.06921497716513	10.9315116430008
10.9510122549147	0.52168915513662
2.48165090993809	0.768038297813573
10.840917489758	0.881438826701645
11.5328349904591	1.73964915603548
10.647111494871	0.832050201028584
0.219495424526293	1.46269703058369
1.01157513606232	9.76898869525875
5.37582053989017	1.06437369717518
2.83610884718534	11.142481388079
0.816150718245242	9.72645286423527
5.56592736237088	0.605214352541628
0.851160403634322	9.50340649256003
2.756258415374	0.170936236234704
0.558826081093403	1.67784866606476
2.51680268626478	11.3582505967801
10.4952614499103	0.123673362916978
0.134141934004891	4.86505021991991
1.61909632206093	9.14283297353005
10.9869602922148	0.32494633159719
11.4885971392527	10.5308427613817
1.87866219110469	3.13582290770195
9.57206040695559	0.492704279638984
11.6600674063026	1.54475314271229
2.68018515334103	0.355903419279872
3.14601699779176	0.452877501496256
10.3488058880597	7.61141083360884
10.8883855305174	2.0239452627469
1.89342209272673	11.2870228677982
0.385821584006613	1.57750204685043
0.938195927131345	10.6641666525992
9.39429932928491	0.100794236983574
0.315572618285746	0.163212371631794
1.04963297078608	9.52807712465953
1.70485980565317	0.525057066762913
0.300592433904144	8.9216102765358
9.53972203162405	0.295336021094412
3.0858016518265	0.939626695406285
2.83152131450311	0.486660317089226
1.01865333114267	10.9537445632317
2.57421408802326	0.945329183261111
0.474597208396846	1.39828461322824
11.6206938906115	9.66787867459484
11.6237570005883	1.33150225649151
11.6575923393731	10.7882047642662
3.24062772130712	11.1171292899156
11.893256828971	3.6113708507991
11.1453842913439	0.447019410119614
1.38580420462651	8.7915869477986
0.102194216243702	8.5498308667683
11.4785880068429	1.19393059060441
0.622507894785028	9.77647742742533
1.50603184784793	0.546677501425486
11.6596037054168	1.10888168191182
11.8446376936041	11.49863608405
2.57988358659358	11.548042061324
0.892373057148514	10.4694867497162
0.945980844371741	2.25896357727405
11.8481982626377	1.47687987187156
0.433798414123643	9.71022992250242
0.663516411137617	9.57261438286089
3.39936062496791	11.8883050718467
3.05109713533452	11.180989739185
8.78717626808625	0.115170797345633
1.33629565998471	11.2344596876002
10.2963618491275	2.12795521784982
2.68152979401152	0.774997586682546
2.88108799365901	0.761711317324591
0.641125423518268	9.99018956251003
0.743800708828574	10.6171507074208
2.56506591743379	0.112238461733588
11.81443330624	10.5826657712021
3.19246603003096	11.3224635375093
1.70191731860436	11.4534511670591
1.73015952939525	11.0880203844877
1.20461747335762	11.4555214438694
0.973250767013224	11.2126998756452
0.14350469486846	1.89384119384705
0.850920974735495	10.1638685648247
2.73887426496636	11.3833279990858
1.58207295070126	0.361697095228372
0.822192715162032	10.9912042264511
2.5752967616858	10.6155158282417
11.3264765454939	1.06407642884492
11.8979992278501	2.74988022240927
10.864411553382	0.166889991608893
2.08075272045015	0.660270074526679
1.02506600171853	0.968918339429232
11.2459626595359	0.274149540414602
0.368532924406718	9.3016511420209
11.4617651273049	10.3055796526607
2.08646045020102	0.46035153656411
1.76554175639956	0.282078018772789
0.531187427738215	10.1572633099507
0.777336692697523	11.2529202123547
2.12263235305892	11.1561917147071
2.26496909997428	0.582396295146059
0.695242934333861	10.4231348767881
1.61019951622927	9.62343858783294
11.1838830809867	0.872385343827102
11.0720072665369	0.706602949884981
0.337713014789334	10.1065913104432
2.94698668649699	11.3517557031323
7.85630765556068	8.83706686844701
11.7331768541203	11.6646977631382
11.3813923289372	0.840919537401231
2.49846458299557	0.568746299985471
2.83125077280584	0.975185255983064
0.70229732461437	10.8311258227689
4.45586467153425	11.5668240782037
1.00684078937193	11.4257828616634
0.190796986877851	1.66642066764587
8.20549608951051	0.114478102184174
0.58192109729593	11.2103438682908
0.276835643746405	9.91608161070354
3.45078346476939	11.6936021265076
11.8757727725687	1.27878987615733
11.3329726468761	0.516377963079664
1.97820703852674	0.292181388021398
0.682423628036164	11.4289642697851
11.7036128716211	0.913783774977889
0.370085687321823	10.3039539464033
0.956550042323946	11.6193567255019
11.8926239879261	11.7854314018687
0.938060715156028	9.95498770041418
3.09497081149114	3.04782898672077
0.327921119431089	10.4994588036693
11.7612039133295	0.664263580469839
11.8905497977337	0.816807482962552
11.1102099292801	0.127278180959833
0.540573580155056	10.5499315284706
0.16558128479791	10.2084277849018
2.83353650205307	11.7531201129345
11.4584186647964	0.360611161135362
3.42357522262312	11.4251193133095
1.4630920878701	0.200937789805783
2.48327456846883	0.320885972695554
0.863373130690757	11.7963258277161
7.90847989417856	0.436070035358269
0.265456351465181	9.6022440440743
3.22501895103772	11.7903000682437
0.663437168294829	11.7912651023912
11.5207308866239	0.648802367367861
3.13595386712245	11.6112263101797
2.2931673789564	0.383008887112742
1.40134616356575	11.6781394014392
1.60101185419443	11.6665803363484
11.7026280258294	0.473033704656526
0.558038263091061	11.6021184465813
0.132501272244271	2.93572691937292
11.6414813976646	0.280062816429722
2.27089638387382	0.184252748143321
0.223734021991545	11.0233164727571
1.29670286579059	11.8485793622193
0.147690972699545	9.05053328907235
0.303470314409011	11.7342357403159
1.73249863329738	11.8172827813224
0.376285671375166	11.5186559076518
11.8718382319247	10.839968397992
11.4961778986653	0.142633222897091
0.103519656573912	11.729793395067
2.16356076581091	11.3812820417239
1.1275265245119	11.7419052531227
2.57256386449446	11.7479080706112
2.38229170833758	11.517099378065
11.7720954127858	0.128603320015963
0.294265359955694	11.336247934924
0.47597107895949	9.50313957895188
1.49656524241525	11.8559976106609
2.10967202782453	11.5738852709757
2.94310509333023	11.5582230041806
2.15510306875328	11.7831344497908
0.10299252670947	9.47874036336942
4.45824666478651	6.07879686240863
0.426409808160338	10.9442786947887
0.103956008721533	10.7428168501323
8.58430020908236	11.8917966371846
1.88393047812218	11.6739973397193
3.45015064387758	0.775832587985957
1.36425952484352	5.427302877027
11.8852427221594	0.305366055703436
3.47901779003316	11.2329576060966
0.327521697787236	10.7057206458465
0.111230588613279	11.4168597980685
1.6575311168783	0.113751842109118
2.40112701564502	11.8509100456242
3.02885947529938	11.8558245895843
0.109313574362999	11.2006426766776
11.5919065473885	11.8849351753486
0.107455080452663	10.4362081696531
3.0066844599967	0.596372427176154
11.8796783425094	3.8753786621439
0.738275417088222	4.62888394787933
0.382168996283625	11.1473208250699
0.121987410261221	9.76414607197125
1.26832189619166	0.135768332200448
11.2302691826507	5.81543484396515
0.487540221229069	11.8974881153358
1.96768555201148	11.8638716792322
11.8855137871787	1.03766106931867
0.101651001990524	10.0153708813994
0.104856296247762	0.10261159591984
5.4878704367597	9.19197899139569
0.131863017541552	1.12962291561763
